          1.86822619         -0.87400603         -0.04753857
          0.02347953          0.00389149          0.00157400
         -0.45131969          0.03566103         -0.00462881
          0.07009381          0.01644623          0.00692024
          0.00000000          0.00000000          0.00000000
          0.00000000          0.00000000          0.00000000
          0.00000000          0.00000000          0.00000000
          0.00000000          0.00000000          0.00000000
          2.31761566          0.40286393         -0.09553734
          0.00264320          0.00656839          0.00240645
          0.00000000          1.08053682          0.00000000
          0.00000000          0.01255135          0.00000000
          0.00000000          1.28130869          0.00124081
          0.00000000          0.00853350          0.00159221
          1.15890173         -0.00000000         -0.06610907
          0.02388603          0.00000000          0.00378452
          0.00000000         -2.52978827         -0.09482190
          0.00000000          0.01658019          0.00350649
          0.00000000          2.09096402          0.00000000
          0.00000000          0.05716438          0.00000000
          0.00000000         -0.49322151         -0.03529122
          0.00000000          0.00747331          0.00240478
          0.00000000         -0.84056114         -0.14570101
          0.00000000          0.01423301          0.00453125
         -0.95444821         -0.23074490         -0.03743724
          0.00378757          0.00359704          0.00076274
         -0.00000000          0.85374748          0.03914411
          0.00000000          0.01863165          0.00175522
         -0.00000000          4.00430931         -0.11384925
          0.00000000          0.08771545          0.00428546
          0.00000000          1.76110044          0.00000000
          0.00000000          0.09990365          0.00000000
          0.00000000          0.00000000          0.00000000
          0.00000000          0.00000000          0.00000000
          0.00000000          0.72183127          0.00000000
          0.00000000          0.01221606          0.00000000
         -0.00193809         -0.00372117          0.00441044
          0.00055598          0.00024322          0.00016927
          0.00000000          0.00000000          0.00000000
          0.00000000          0.00000000          0.00000000

 Chi²pp   3101.2613740318343      Npp        3002 Chi²pp/Npp   1.0330650812897515     
 Chi²np   4059.3004583101424      Nnp        3715 Chi²np/Nnp   1.0926784544576427     
 Chi²   7160.5618323419767      N        6717 Chi²/N   1.0660357052764593     

           1           1           1           1   5.5128847543067870E-004
           1           1           1           2  -8.8363230285077039E-005
           1           1           1           3   2.5014249990429895E-005
           1           1           2           1  -4.9677907721012624E-004
           1           1           2           2   8.9689788960758745E-005
           1           1           2           3  -2.9842625196189215E-005
           1           1           5           1  -1.0256366442959474E-005
           1           1           5           2   9.1584906013168070E-006
           1           1           5           3  -3.8665369897533600E-006
           1           1           6           2   5.5597782486114438E-006
           1           1           7           2  -3.6053194958428689E-005
           1           1           7           3   6.1731907650911703E-006
           1           1           8           1  -2.1604443840729471E-005
           1           1           8           3   4.1988873295538323E-006
           1           1           9           2  -1.0928144261627083E-005
           1           1           9           3  -2.5709653627170705E-006
           1           1          10           2   5.4375417705039970E-005
           1           1          11           2   3.0979823605038555E-005
           1           1          11           3  -9.0836517179824244E-006
           1           1          12           2  -2.7998984089752669E-005
           1           1          12           3   1.0606337994199435E-005
           1           1          13           1  -1.4784986963949860E-005
           1           1          13           2   1.0120163015662548E-005
           1           1          13           3  -2.9490550697768862E-007
           1           1          14           2   7.0229959474661568E-005
           1           1          14           3  -1.1559630011386489E-006
           1           1          15           2   4.0872651435844715E-004
           1           1          15           3  -2.0786385385283202E-005
           1           1          16           2  -2.3531463071922804E-004
           1           1          18           2   7.6244481034180903E-006
           1           1          19           1  -1.4889455574028330E-006
           1           1          19           2   6.4284020477392972E-007
           1           1          19           3   3.3954416977955345E-007
           1           2           1           1  -8.8363230363365394E-005
           1           2           1           2   1.5143672423879955E-005
           1           2           1           3  -5.0811316564250530E-006
           1           2           2           1   8.8969072770391175E-005
           1           2           2           2  -1.7710328581048622E-005
           1           2           2           3   6.4357995052702294E-006
           1           2           5           1   1.5147098461637666E-006
           1           2           5           2  -2.3445712857808198E-006
           1           2           5           3   1.0272677567804928E-006
           1           2           6           2   2.2531715382309937E-006
           1           2           7           2   4.4864777485474132E-006
           1           2           7           3  -7.3442473526291792E-007
           1           2           8           1  -1.7138826060508470E-007
           1           2           8           3  -1.4702536201496879E-006
           1           2           9           2   6.3310104376910066E-006
           1           2           9           3   1.0533598457456578E-006
           1           2          10           2  -2.5247377613959532E-005
           1           2          11           2  -5.5153127706190084E-007
           1           2          11           3  -3.0490124851313935E-007
           1           2          12           2   5.7591491065928711E-006
           1           2          12           3  -1.5300641406616137E-006
           1           2          13           1   2.1827680302797220E-006
           1           2          13           2  -1.8287753015231627E-006
           1           2          13           3   3.2849244683080007E-007
           1           2          14           2  -1.0976349672995601E-005
           1           2          14           3   1.1120082745910329E-007
           1           2          15           2  -6.2622757202263223E-005
           1           2          15           3   3.4834514620285476E-006
           1           2          16           2   4.7460393909431254E-005
           1           2          18           2  -3.5538597915435460E-006
           1           2          19           1   4.2805648563304796E-007
           1           2          19           2  -1.8415378021213262E-007
           1           2          19           3  -1.5236163047944892E-007
           1           3           1           1   2.5014250161263389E-005
           1           3           1           2  -5.0811316946488835E-006
           1           3           1           3   2.4774656045942251E-006
           1           3           2           1  -4.0132633342018934E-005
           1           3           2           2   1.0114450622476526E-005
           1           3           2           3  -4.2989262427192408E-006
           1           3           5           1  -7.1315194016755850E-008
           1           3           5           2   2.4504007646072126E-006
           1           3           5           3  -1.3022864232230521E-006
           1           3           6           2  -4.8586818605874567E-006
           1           3           7           2  -2.1892295782292770E-008
           1           3           7           3   1.5747528171122756E-009
           1           3           8           1   5.3087567204850767E-006
           1           3           8           3   1.6897841697837591E-006
           1           3           9           2  -8.4907974608185207E-006
           1           3           9           3  -1.1102511521872460E-006
           1           3          10           2   3.0514699477416421E-005
           1           3          11           2  -3.9349955156217590E-006
           1           3          11           3   1.8586939773410012E-006
           1           3          12           2  -3.8370669265165298E-006
           1           3          12           3   3.9082803645991177E-007
           1           3          13           1  -1.0220746888926441E-007
           1           3          13           2   2.8487576162546710E-007
           1           3          13           3  -4.2430897216439702E-007
           1           3          14           2   1.5925490501861774E-007
           1           3          14           3   4.6606843011487409E-007
           1           3          15           2   8.5514907865192367E-006
           1           3          15           3  -1.2559957925753026E-006
           1           3          16           2  -2.7462267486715631E-005
           1           3          18           2   4.4562516035993706E-006
           1           3          19           1  -1.9661389576959167E-007
           1           3          19           2   8.2859646122801462E-008
           1           3          19           3   1.7818731834240793E-007
           2           1           1           1  -4.9677908437249579E-004
           2           1           1           2   8.8969075093905196E-005
           2           1           1           3  -4.0132634911337048E-005
           2           1           2           1   4.9131426972668915E-003
           2           1           2           2  -1.0708808684727125E-003
           2           1           2           3   3.6232030186022449E-004
           2           1           5           1  -4.6314490098750277E-005
           2           1           5           2  -6.9611466584106876E-005
           2           1           5           3   4.0646161687653782E-005
           2           1           6           2   5.4196528769304836E-004
           2           1           7           2  -1.2472810337222382E-004
           2           1           7           3   1.9794167233632996E-005
           2           1           8           1  -6.6468131016970576E-004
           2           1           8           3  -1.0195492293302889E-004
           2           1           9           2   2.5754855356756746E-004
           2           1           9           3   5.7614340613848793E-006
           2           1          10           2  -2.0450860108470550E-004
           2           1          11           2   7.1812656324215759E-006
           2           1          11           3  -1.4584449608197303E-005
           2           1          12           2   4.1254899870093065E-004
           2           1          12           3  -6.9484593765487611E-005
           2           1          13           1  -6.6432053011685187E-005
           2           1          13           2   3.9937082714083928E-005
           2           1          13           3   1.0085069751339298E-005
           2           1          14           2   2.5592160076717466E-004
           2           1          14           3  -2.7658278391228586E-005
           2           1          15           2   6.4500976598444004E-004
           2           1          15           3  -6.2087318965950957E-006
           2           1          16           2  -8.5370392159134396E-004
           2           1          18           2  -2.0023984691821262E-004
           2           1          19           1  -4.9604236177552684E-006
           2           1          19           2   2.2520614618367850E-006
           2           1          19           3  -3.7849182113678461E-006
           2           2           1           1   8.9689791099755990E-005
           2           2           1           2  -1.7710329277313422E-005
           2           2           1           3   1.0114451096555973E-005
           2           2           2           1  -1.0708808687030780E-003
           2           2           2           2   2.7047858676328926E-004
           2           2           2           3  -1.0691447796248830E-004
           2           2           5           1   1.1080752418771472E-005
           2           2           5           2   2.2202433939856686E-005
           2           2           5           3  -1.2841178372093500E-005
           2           2           6           2  -1.0489923261649112E-004
           2           2           7           2   2.6421954780944438E-005
           2           2           7           3  -4.4874655819425742E-006
           2           2           8           1   1.7127763051853946E-004
           2           2           8           3   3.3991498303899845E-005
           2           2           9           2  -7.6471280485637287E-005
           2           2           9           3  -6.1948409127776336E-006
           2           2          10           2   7.6196553668640896E-005
           2           2          11           2  -7.1484613836978260E-006
           2           2          11           3   6.5712548543674310E-006
           2           2          12           2  -7.9723176500778466E-005
           2           2          12           3   1.4476622678818873E-005
           2           2          13           1   1.5918380493553147E-005
           2           2          13           2  -9.3238928234494142E-006
           2           2          13           3  -3.2236412557870467E-006
           2           2          14           2  -6.5525586233721500E-005
           2           2          14           3   7.7810627104345986E-006
           2           2          15           2  -1.8997997933787388E-004
           2           2          15           3   1.5184199238279600E-006
           2           2          16           2   3.9851630772445195E-004
           2           2          18           2   7.2154274886788869E-005
           2           2          19           1   1.5814106459246758E-006
           2           2          19           2  -7.1925090199225550E-007
           2           2          19           3   1.2044946379281118E-006
           2           3           1           1  -2.9842626152943646E-005
           2           3           1           2   6.4357998163221288E-006
           2           3           1           3  -4.2989264540196013E-006
           2           3           2           1   3.6232030193282945E-004
           2           3           2           2  -1.0691447795339972E-004
           2           3           2           3   4.7889726338892117E-005
           2           3           5           1  -3.9488678624009914E-006
           2           3           5           2  -1.0517857860855958E-005
           2           3           5           3   6.0290745552693697E-006
           2           3           6           2   2.8992292340086651E-005
           2           3           7           2  -7.8701803099309782E-006
           2           3           7           3   1.4630062563685257E-006
           2           3           8           1  -6.7796275552746432E-005
           2           3           8           3  -1.6384004541154702E-005
           2           3           9           2   3.4222531362500819E-005
           2           3           9           3   4.2135493931505138E-006
           2           3          10           2  -3.9539479665986389E-005
           2           3          11           2   4.2848948841033566E-006
           2           3          11           3  -3.4917022104089434E-006
           2           3          12           2   2.2457471487746644E-005
           2           3          12           3  -4.6708113476940571E-006
           2           3          13           1  -5.6816840930833234E-006
           2           3          13           2   3.2193065540783854E-006
           2           3          13           3   1.5096815520127698E-006
           2           3          14           2   2.4918149088527152E-005
           2           3          14           3  -3.3228663570671348E-006
           2           3          15           2   7.8269278476846853E-005
           2           3          15           3  -2.7029511608699234E-007
           2           3          16           2  -2.2004296749497323E-004
           2           3          18           2  -3.6279420958989986E-005
           2           3          19           1  -7.1730355073421807E-007
           2           3          19           2   3.2711244947185020E-007
           2           3          19           3  -5.6702674536355804E-007
           5           1           1           1  -1.0256366200911749E-005
           5           1           1           2   1.5147097673517224E-006
           5           1           1           3  -7.1315140240355848E-008
           5           1           2           1  -4.6314490134088661E-005
           5           1           2           2   1.1080752421375162E-005
           5           1           2           3  -3.9488678645424186E-006
           5           1           5           1   6.9865125298945540E-006
           5           1           5           2   1.1132117080747931E-006
           5           1           5           3  -1.6622991835689330E-006
           5           1           6           2  -8.9022651872189067E-006
           5           1           7           2   1.0643835640997265E-005
           5           1           7           3  -1.3948323065318586E-006
           5           1           8           1   2.0450638627740912E-005
           5           1           8           3   1.7728299963342294E-006
           5           1           9           2  -8.6136840599687873E-006
           5           1           9           3  -5.4892407963349980E-007
           5           1          10           2   1.7480275066572623E-005
           5           1          11           2  -4.1246251455301752E-006
           5           1          11           3   1.3987507299049140E-006
           5           1          12           2  -9.7623039597014061E-007
           5           1          12           3  -1.3276377997550035E-006
           5           1          13           1   1.0009053237350172E-005
           5           1          13           2  -7.5884298891534074E-006
           5           1          13           3   1.6930380768873337E-007
           5           1          14           2  -3.8615681085868763E-005
           5           1          14           3   2.5170685747947521E-006
           5           1          15           2  -1.1903922294484966E-004
           5           1          15           3   4.6449620672380130E-006
           5           1          16           2   4.1846995757513234E-005
           5           1          18           2   7.7052857395022649E-006
           5           1          19           1   1.7962682552613266E-007
           5           1          19           2  -7.9993765494284067E-008
           5           1          19           3   9.1480564643921187E-008
           5           2           1           1   9.1584911960240772E-006
           5           2           1           2  -2.3445714851499199E-006
           5           2           1           3   2.4504009092854951E-006
           5           2           2           1  -6.9611467201262820E-005
           5           2           2           2   2.2202434104354885E-005
           5           2           2           3  -1.0517857936747445E-005
           5           2           5           1   1.1132117259325461E-006
           5           2           5           2   4.3143806485125633E-005
           5           2           5           3  -1.2992213232413379E-005
           5           2           6           2  -1.6222396579835806E-005
           5           2           7           2   4.4429074104999814E-007
           5           2           7           3  -7.5883158033607137E-007
           5           2           8           1  -2.4231644977202493E-006
           5           2           8           3   5.8038039395896919E-006
           5           2           9           2  -2.0350458655589030E-005
           5           2           9           3  -5.4969358731208926E-006
           5           2          10           2   8.4459364777880034E-005
           5           2          11           2  -4.0192846789499698E-006
           5           2          11           3   2.8928548117687162E-006
           5           2          12           2  -1.2553379973992568E-005
           5           2          12           3   2.4393588162551920E-006
           5           2          13           1   1.7091877029128277E-006
           5           2          13           2  -4.2780837221812674E-006
           5           2          13           3  -1.0657753986822174E-006
           5           2          14           2  -3.4536609943351336E-005
           5           2          14           3   4.5563496201625150E-006
           5           2          15           2  -1.4678913013237626E-004
           5           2          15           3  -6.2178219196429662E-006
           5           2          16           2  -7.4346809872905808E-005
           5           2          18           2   5.5993271097294350E-006
           5           2          19           1   6.4866820738018958E-007
           5           2          19           2  -2.9089928616073254E-007
           5           2          19           3   4.5970672646229328E-007
           5           3           1           1  -3.8665373716182996E-006
           5           3           1           2   1.0272678833202729E-006
           5           3           1           3  -1.3022865129016060E-006
           5           3           2           1   4.0646161948585981E-005
           5           3           2           2  -1.2841178437319478E-005
           5           3           2           3   6.0290745859361290E-006
           5           3           5           1  -1.6622991904727860E-006
           5           3           5           2  -1.2992213221207099E-005
           5           3           5           3   5.7909779070997954E-006
           5           3           6           2   8.7473036647562190E-006
           5           3           7           2  -2.7903652390616244E-006
           5           3           7           3   6.7400086740478063E-007
           5           3           8           1  -6.9045074846590841E-006
           5           3           8           3  -2.9292956290292512E-006
           5           3           9           2   1.3270857674984724E-005
           5           3           9           3   1.8216744450753161E-006
           5           3          10           2  -4.7647236772356454E-005
           5           3          11           2   3.0307377308712614E-006
           5           3          11           3  -1.8983569570235172E-006
           5           3          12           2   5.2571492935993080E-006
           5           3          12           3  -4.2937017627334747E-007
           5           3          13           1  -2.4333180804270550E-006
           5           3          13           2   3.4569919545870797E-006
           5           3          13           3   3.5104467062471226E-007
           5           3          14           2   2.2812818792639404E-005
           5           3          14           3  -2.7646036078441008E-006
           5           3          15           2   1.0181154371401812E-004
           5           3          15           3   3.3075327503980037E-007
           5           3          16           2   3.2203552180134993E-005
           5           3          18           2  -5.6856119387836581E-006
           5           3          19           1  -3.7205515341837271E-007
           5           3          19           2   1.6687285351963564E-007
           5           3          19           3  -2.7223458467634284E-007
           6           2           1           1   5.5597765353749483E-006
           6           2           1           2   2.2531720685064831E-006
           6           2           1           3  -4.8586821809568786E-006
           6           2           2           1   5.4196528540932469E-004
           6           2           2           2  -1.0489923187851570E-004
           6           2           2           3   2.8992292017008982E-005
           6           2           5           1  -8.9022651016748064E-006
           6           2           5           2  -1.6222396243188504E-005
           6           2           5           3   8.7473034809012295E-006
           6           2           6           2   1.5753647085923114E-004
           6           2           7           2  -2.9011031778969139E-005
           6           2           7           3   4.6766977826756098E-006
           6           2           8           1  -7.6801842860485967E-005
           6           2           8           3  -1.3897040361758780E-005
           6           2           9           2   6.4849280413769911E-005
           6           2           9           3   4.7567247092385138E-006
           6           2          10           2  -1.8853160210467878E-004
           6           2          11           2   2.1595334868317238E-005
           6           2          11           3  -9.0294433945097622E-006
           6           2          12           2   6.5822778582171114E-005
           6           2          12           3   5.5900329067231508E-007
           6           2          13           1  -1.2800491031559742E-005
           6           2          13           2   8.1854982289504944E-006
           6           2          13           3   2.3626506193841980E-006
           6           2          14           2   5.7306305131286567E-005
           6           2          14           3  -5.5378493895268757E-006
           6           2          15           2   1.9004365772131148E-004
           6           2          15           3  -1.8278190912081808E-006
           6           2          16           2  -2.1236791381168188E-004
           6           2          18           2  -1.0761353825454313E-005
           6           2          19           1  -8.6003644355000124E-007
           6           2          19           2   3.9040318345482997E-007
           6           2          19           3  -8.8595399500930291E-007
           7           2           1           1  -3.6053193888995119E-005
           7           2           1           2   4.4864773726522076E-006
           7           2           1           3  -2.1891997621592598E-008
           7           2           2           1  -1.2472810608391330E-004
           7           2           2           2   2.6421955554752220E-005
           7           2           2           3  -7.8701806600845070E-006
           7           2           5           1   1.0643835727070035E-005
           7           2           5           2   4.4429087358629890E-007
           7           2           5           3  -2.7903653443039041E-006
           7           2           6           2  -2.9011032766327124E-005
           7           2           7           2   7.2820544525448058E-005
           7           2           7           3  -1.2572716395875269E-005
           7           2           8           1   7.2210735890707462E-005
           7           2           8           3   3.5670237761567093E-006
           7           2           9           2  -3.4154927769291804E-005
           7           2           9           3   2.1610924455448679E-006
           7           2          10           2   8.0223601975645527E-005
           7           2          11           2  -2.9831642913905068E-007
           7           2          11           3   1.3868375319717841E-006
           7           2          12           2   1.0559563100699133E-005
           7           2          12           3  -7.9351596429475696E-006
           7           2          13           1   1.5318652408528380E-005
           7           2          13           2  -7.5271323278649743E-006
           7           2          13           3  -2.3177195383239581E-006
           7           2          14           2  -6.2205983488735700E-005
           7           2          14           3   2.0326452068234817E-006
           7           2          15           2  -2.7149651714846118E-004
           7           2          15           3   1.1242017634838106E-005
           7           2          16           2   7.5498548299394292E-005
           7           2          18           2   1.3039582132080828E-005
           7           2          19           1   1.3735152216781260E-006
           7           2          19           2  -6.0264779327081962E-007
           7           2          19           3   2.3829982396035148E-007
           7           3           1           1   6.1731905702924313E-006
           7           3           1           2  -7.3442466169534608E-007
           7           3           1           3   1.5746873774119826E-009
           7           3           2           1   1.9794168195795305E-005
           7           3           2           2  -4.4874658626241615E-006
           7           3           2           3   1.4630063826186818E-006
           7           3           5           1  -1.3948323379935977E-006
           7           3           5           2  -7.5883164324337475E-007
           7           3           5           3   6.7400091146553666E-007
           7           3           6           2   4.6766980742799876E-006
           7           3           7           2  -1.2572716465567930E-005
           7           3           7           3   2.5351168199267352E-006
           7           3           8           1  -9.7371546060110347E-006
           7           3           8           3  -6.0791906177798032E-007
           7           3           9           2   5.5121152125484884E-006
           7           3           9           3  -4.7407208501200802E-007
           7           3          10           2  -1.3863025228195325E-005
           7           3          11           2  -7.4474148503823853E-007
           7           3          11           3  -3.0039256022525131E-009
           7           3          12           2  -1.4844034707748259E-006
           7           3          12           3   1.2012647108231463E-006
           7           3          13           1  -2.0198428076252328E-006
           7           3          13           2   7.2824400406173518E-007
           7           3          13           3   5.3524187596665999E-007
           7           3          14           2   8.2014593126011740E-006
           7           3          14           3   5.3543811277246849E-008
           7           3          15           2   5.2649478429566536E-005
           7           3          15           3  -1.8029792695668116E-006
           7           3          16           2  -9.3327435331076840E-006
           7           3          18           2  -1.5554057683713402E-006
           7           3          19           1  -3.5602943321513742E-007
           7           3          19           2   1.5590916723569027E-007
           7           3          19           3  -3.9188989006495202E-008
           8           1           1           1  -2.1604438196195433E-005
           8           1           1           2  -1.7138995764730984E-007
           8           1           1           3   5.3087576679968771E-006
           8           1           2           1  -6.6468129814372214E-004
           8           1           2           2   1.7127762674260015E-004
           8           1           2           3  -6.7796273886871596E-005
           8           1           5           1   2.0450638194260763E-005
           8           1           5           2  -2.4231659783204956E-006
           8           1           5           3  -6.9045066402835537E-006
           8           1           6           2  -7.6801841785581574E-005
           8           1           7           2   7.2210731971420394E-005
           8           1           7           3  -9.7371535243671440E-006
           8           1           8           1   5.7054225501879390E-004
           8           1           8           3   5.2621644095508662E-005
           8           1           9           2  -2.2011320123835055E-004
           8           1           9           3   2.6700147161874492E-005
           8           1          10           2   2.4763976454191596E-004
           8           1          11           2  -1.5659681395400557E-005
           8           1          11           3   9.4862210262830866E-006
           8           1          12           2  -5.0369143987406171E-005
           8           1          12           3   7.5904638404797515E-006
           8           1          13           1   2.9284322716696807E-005
           8           1          13           2  -1.4660908013659744E-005
           8           1          13           3  -3.9216240006275749E-006
           8           1          14           2  -1.1154878942469320E-004
           8           1          14           3   1.0016169724480908E-005
           8           1          15           2  -2.9268749116613302E-004
           8           1          15           3   1.7390790866391074E-005
           8           1          16           2   4.6258093733383694E-004
           8           1          18           2   1.6614800868330713E-004
           8           1          19           1   1.3128520744000411E-006
           8           1          19           2  -6.0332747586967471E-007
           8           1          19           3   1.1078414434988280E-006
           8           3           1           1   4.1988883809225158E-006
           8           3           1           2  -1.4702539385863513E-006
           8           3           1           3   1.6897843513823295E-006
           8           3           2           1  -1.0195492090668193E-004
           8           3           2           2   3.3991497664420565E-005
           8           3           2           3  -1.6384004259428735E-005
           8           3           5           1   1.7728299228329554E-006
           8           3           5           2   5.8038036816215675E-006
           8           3           5           3  -2.9292954831918262E-006
           8           3           6           2  -1.3897040212783982E-005
           8           3           7           2   3.5670230781629869E-006
           8           3           7           3  -6.0791886614338655E-007
           8           3           8           1   5.2621644264374797E-005
           8           3           8           3   1.4322594704435670E-005
           8           3           9           2  -4.0672862630125357E-005
           8           3           9           3  -2.0438271416025584E-006
           8           3          10           2   8.4195694172888459E-005
           8           3          11           2  -3.1907467634804940E-006
           8           3          11           3   2.0992077065338272E-006
           8           3          12           2  -2.2065900703803787E-005
           8           3          12           3   7.2120612537145730E-006
           8           3          13           1   2.5517027879225837E-006
           8           3          13           2  -1.2066611502978061E-006
           8           3          13           3  -8.4553999954106446E-007
           8           3          14           2  -1.1565514066103389E-005
           8           3          14           3   1.5883949311765120E-006
           8           3          15           2  -3.4128141626834700E-005
           8           3          15           3  -2.0931175982441795E-008
           8           3          16           2   9.6443458612419116E-005
           8           3          18           2   2.7397680420735450E-005
           8           3          19           1   3.9236425073553717E-007
           8           3          19           2  -1.7998094615091201E-007
           8           3          19           3   2.8671622101365684E-007
           9           2           1           1  -1.0928151157730036E-005
           9           2           1           2   6.3310124662915006E-006
           9           2           1           3  -8.4907985212859745E-006
           9           2           2           1   2.5754853480999617E-004
           9           2           2           2  -7.6471274657935684E-005
           9           2           2           3   3.4222528783842348E-005
           9           2           5           1  -8.6136833933122363E-006
           9           2           5           2  -2.0350456510264073E-005
           9           2           5           3   1.3270856427330988E-005
           9           2           6           2   6.4849278129947908E-005
           9           2           7           2  -3.4154922377113252E-005
           9           2           7           3   5.5121137812509369E-006
           9           2           8           1  -2.2011319804062854E-004
           9           2           8           3  -4.0672861827982642E-005
           9           2           9           2   2.7490254577768833E-004
           9           2           9           3  -1.8680455717922990E-005
           9           2          10           2  -8.5599506993930112E-004
           9           2          11           2   1.8594251117765757E-005
           9           2          11           3  -1.1560609460517409E-005
           9           2          12           2   9.2781003852794716E-005
           9           2          12           3  -2.0087547295346239E-005
           9           2          13           1  -1.2377556394914175E-005
           9           2          13           2   4.2637733865566815E-006
           9           2          13           3   5.0138717870717105E-006
           9           2          14           2   5.4873527328822747E-005
           9           2          14           3  -8.1360709557302607E-006
           9           2          15           2   1.4628882777786655E-004
           9           2          15           3  -2.5155494147900744E-006
           9           2          16           2   6.7059195716477201E-005
           9           2          18           2  -5.0022661823073873E-005
           9           2          19           1  -1.6689251251282414E-006
           9           2          19           2   7.5957308235934576E-007
           9           2          19           3  -1.4723454095577205E-006
           9           3           1           1  -2.5709648994232516E-006
           9           3           1           2   1.0533597111036419E-006
           9           3           1           3  -1.1102510844962692E-006
           9           3           2           1   5.7614354691933584E-006
           9           3           2           2  -6.1948413484521132E-006
           9           3           2           3   4.2135495861623284E-006
           9           3           5           1  -5.4892412940930465E-007
           9           3           5           2  -5.4969360294962368E-006
           9           3           5           3   1.8216745367625421E-006
           9           3           6           2   4.7567248980070761E-006
           9           3           7           2   2.1610920613286092E-006
           9           3           7           3  -4.7407198486552389E-007
           9           3           8           1   2.6700146830504059E-005
           9           3           8           3  -2.0438272172112697E-006
           9           3           9           2  -1.8680455575383506E-005
           9           3           9           3   1.2295476877636680E-005
           9           3          10           2   4.0404622524723659E-005
           9           3          11           2   4.7490765547443559E-006
           9           3          11           3  -1.9303432683659807E-006
           9           3          12           2  -4.1072144261246746E-006
           9           3          12           3   1.3500035063800739E-006
           9           3          13           1  -7.8808294827256673E-007
           9           3          13           2   1.1311267504098851E-006
           9           3          13           3   2.6074094650974605E-007
           9           3          14           2   7.1265298751166520E-006
           9           3          14           3  -1.0639778714775874E-006
           9           3          15           2   8.0762641406221406E-006
           9           3          15           3   1.2625364473677937E-006
           9           3          16           2  -5.0865135081190633E-005
           9           3          18           2  -1.3285469630683157E-005
           9           3          19           1   6.5389259642404601E-008
           9           3          19           2  -2.6251716576105837E-008
           9           3          19           3  -1.5912086801091292E-007
          10           2           1           1   5.4375438956524233E-005
          10           2           1           2  -2.5247383799927350E-005
          10           2           1           3   3.0514702603007058E-005
          10           2           2           1  -2.0450853731943989E-004
          10           2           2           2   7.6196533928761095E-005
          10           2           2           3  -3.9539470922634359E-005
          10           2           5           1   1.7480272811037994E-005
          10           2           5           2   8.4459357672843965E-005
          10           2           5           3  -4.7647232610356452E-005
          10           2           6           2  -1.8853159364265953E-004
          10           2           7           2   8.0223584472036654E-005
          10           2           7           3  -1.3863020656092787E-005
          10           2           8           1   2.4763974999578696E-004
          10           2           8           3   8.4195690826774789E-005
          10           2           9           2  -8.5599506420650309E-004
          10           2           9           3   4.0404622578996923E-005
          10           2          10           2   3.2677665460714030E-003
          10           2          11           2  -7.2998812998035763E-005
          10           2          11           3   4.2043871125532322E-005
          10           2          12           2  -2.7060914176617936E-004
          10           2          12           3   4.7248430020810558E-005
          10           2          13           1   2.5173635228591050E-005
          10           2          13           2  -6.2017278307480061E-006
          10           2          13           3  -1.6982832640643202E-005
          10           2          14           2  -1.3541987620904731E-004
          10           2          14           3   2.5710333158204932E-005
          10           2          15           2  -3.1550767630581119E-004
          10           2          15           3  -5.1236723666206114E-006
          10           2          16           2  -9.9714549345247252E-004
          10           2          18           2   8.8414177586221211E-006
          10           2          19           1   4.7013917651100314E-006
          10           2          19           2  -2.1395041103723755E-006
          10           2          19           3   5.0837372433558629E-006
          11           2           1           1   3.0979823390910327E-005
          11           2           1           2  -5.5153128639920559E-007
          11           2           1           3  -3.9349953906570850E-006
          11           2           2           1   7.1812584064608082E-006
          11           2           2           2  -7.1484592201466063E-006
          11           2           2           3   4.2848939176878764E-006
          11           2           5           1  -4.1246249009137999E-006
          11           2           5           2  -4.0192840623961291E-006
          11           2           5           3   3.0307373390247868E-006
          11           2           6           2   2.1595333211940644E-005
          11           2           7           2  -2.9831527308008495E-007
          11           2           7           3  -7.4474170955578262E-007
          11           2           8           1  -1.5659676079202076E-005
          11           2           8           3  -3.1907457668795006E-006
          11           2           9           2   1.8594244746801962E-005
          11           2           9           3   4.7490769781529946E-006
          11           2          10           2  -7.2998793545891102E-005
          11           2          11           2   5.5850420174870275E-005
          11           2          11           3  -1.6701677835896690E-005
          11           2          12           2  -2.5625681697480917E-008
          11           2          12           3   3.3197070932364924E-006
          11           2          13           1  -5.9361529196534817E-006
          11           2          13           2   4.8645365134132762E-006
          11           2          13           3   3.3320745044061311E-007
          11           2          14           2   2.7979923340251721E-005
          11           2          14           3  -2.8099063889312486E-006
          11           2          15           2   1.3183137145340260E-004
          11           2          15           3  -4.1269988274858053E-006
          11           2          16           2   1.1202364504155982E-004
          11           2          18           2  -1.1324792694830849E-005
          11           2          19           1   1.3862378167870303E-006
          11           2          19           2  -5.9673691273518744E-007
          11           2          19           3  -5.5399209991245602E-007
          11           3           1           1  -9.0836515027036544E-006
          11           3           1           2  -3.0490129046502019E-007
          11           3           1           3   1.8586939637667108E-006
          11           3           2           1  -1.4584447057834458E-005
          11           3           2           2   6.5712540861182871E-006
          11           3           2           3  -3.4917018677934302E-006
          11           3           5           1   1.3987506428751419E-006
          11           3           5           2   2.8928545821567935E-006
          11           3           5           3  -1.8983568136483572E-006
          11           3           6           2  -9.0294428543607582E-006
          11           3           7           2   1.3868370712454213E-006
          11           3           7           3  -3.0038276568481361E-009
          11           3           8           1   9.4862193837959759E-006
          11           3           8           3   2.0992073941595692E-006
          11           3           9           2  -1.1560607576660488E-005
          11           3           9           3  -1.9303433904218330E-006
          11           3          10           2   4.2043865500049705E-005
          11           3          11           2  -1.6701677976364948E-005
          11           3          11           3   5.7829679847302087E-006
          11           3          12           2  -2.3395540230014156E-006
          11           3          12           3  -7.6569153543467892E-007
          11           3          13           1   2.0138344459185119E-006
          11           3          13           2  -1.3199131075503748E-006
          11           3          13           3  -4.2069730327117152E-007
          11           3          14           2  -9.2340896467883346E-006
          11           3          14           3   1.1800173108816305E-006
          11           3          15           2  -3.8906016455128177E-005
          11           3          15           3   4.2998351526773751E-007
          11           3          16           2  -3.3836929641616792E-005
          11           3          18           2   6.3244964151598042E-006
          11           3          19           1  -3.7552839166204960E-007
          11           3          19           2   1.5961743185837842E-007
          11           3          19           3   2.7397798134260831E-007
          12           2           1           1  -2.7998986384120774E-005
          12           2           1           2   5.7591497728894475E-006
          12           2           1           3  -3.8370672602299613E-006
          12           2           2           1   4.1254899164685355E-004
          12           2           2           2  -7.9723174319524346E-005
          12           2           2           3   2.2457470521586003E-005
          12           2           5           1  -9.7623014672735942E-007
          12           2           5           2  -1.2553379192644579E-005
          12           2           5           3   5.2571488351275821E-006
          12           2           6           2   6.5822777628226400E-005
          12           2           7           2   1.0559565016630591E-005
          12           2           7           3  -1.4844039692831041E-006
          12           2           8           1  -5.0369142285975203E-005
          12           2           8           3  -2.2065900318235806E-005
          12           2           9           2   9.2781003074687672E-005
          12           2           9           3  -4.1072144212754466E-006
          12           2          10           2  -2.7060914127638620E-004
          12           2          11           2  -2.5623584721846366E-008
          12           2          11           3  -2.3395546259206131E-006
          12           2          12           2   2.0257845377464153E-004
          12           2          12           3  -5.6662639243333432E-005
          12           2          13           1  -1.3696886007892201E-006
          12           2          13           2  -6.0650327408470028E-007
          12           2          13           3   1.3159622789295280E-006
          12           2          14           2  -3.9538952787195811E-006
          12           2          14           3  -1.8519581756581499E-006
          12           2          15           2  -7.6528375800988781E-005
          12           2          15           3   7.6793840124299147E-006
          12           2          16           2   1.1063250515090196E-004
          12           2          18           2  -1.1312796601062274E-005
          12           2          19           1  -4.2803178390024717E-007
          12           2          19           2   2.0059585273824271E-007
          12           2          19           3  -5.2192238277611894E-007
          12           3           1           1   1.0606338472537114E-005
          12           3           1           2  -1.5300642741364538E-006
          12           3           1           3   3.9082809419690894E-007
          12           3           2           1  -6.9484591797746293E-005
          12           3           2           2   1.4476622075718752E-005
          12           3           2           3  -4.6708110799452772E-006
          12           3           5           1  -1.3276378684670116E-006
          12           3           5           2   2.4393586122529034E-006
          12           3           5           3  -4.2937005429391273E-007
          12           3           6           2   5.5900360818834098E-007
          12           3           7           2  -7.9351601162547896E-006
          12           3           7           3   1.2012648281965787E-006
          12           3           8           1   7.5904630953276663E-006
          12           3           8           3   7.2120611006126478E-006
          12           3           9           2  -2.0087546656312383E-005
          12           3           9           3   1.3500034733482042E-006
          12           3          10           2   4.7248428449526494E-005
          12           3          11           2   3.3197066710291980E-006
          12           3          11           3  -7.6569142467810477E-007
          12           3          12           2  -5.6662639084545179E-005
          12           3          12           3   2.0532246144916907E-005
          12           3          13           1  -1.9071803567035320E-006
          12           3          13           2   1.5625111740185733E-006
          12           3          13           3   7.4399898674291938E-008
          12           3          14           2   1.1291375971547387E-005
          12           3          14           3  -5.5121819626199952E-007
          12           3          15           2   4.3722688558759800E-005
          12           3          15           3  -3.1439040762329278E-006
          12           3          16           2  -2.7899024277054784E-005
          12           3          18           2   3.6222195022555168E-006
          12           3          19           1  -7.2297161433334484E-009
          12           3          19           2   5.3190508735453880E-010
          12           3          19           3   1.0776078171751726E-008
          13           1           1           1  -1.4784986615912010E-005
          13           1           1           2   2.1827679168994666E-006
          13           1           1           3  -1.0220739143977842E-007
          13           1           2           1  -6.6432053067749024E-005
          13           1           2           2   1.5918380498864305E-005
          13           1           2           3  -5.6816840968632385E-006
          13           1           5           1   1.0009053237527334E-005
          13           1           5           2   1.7091876776705496E-006
          13           1           5           3  -2.4333180707795178E-006
          13           1           6           2  -1.2800491155817089E-005
          13           1           7           2   1.5318652285547700E-005
          13           1           7           3  -2.0198427625292512E-006
          13           1           8           1   2.9284323344122174E-005
          13           1           8           3   2.5517028943782885E-006
          13           1           9           2  -1.2377557358535916E-005
          13           1           9           3  -7.8808287636169340E-007
          13           1          10           2   2.5173638487341361E-005
          13           1          11           2  -5.9361532715413892E-006
          13           1          11           3   2.0138345712151830E-006
          13           1          12           2  -1.3696889608514959E-006
          13           1          12           3  -1.9071802575533963E-006
          13           1          13           1   1.4345689327957109E-005
          13           1          13           2  -1.0893967026995988E-005
          13           1          13           3   2.4478248621014450E-007
          13           1          14           2  -5.5554096855566424E-005
          13           1          14           3   3.6143714566758758E-006
          13           1          15           2  -1.7374267077200129E-004
          13           1          15           3   6.7443559738668116E-006
          13           1          16           2   5.9949656615729845E-005
          13           1          18           2   1.1021173210423657E-005
          13           1          19           1   2.5962119088089194E-007
          13           1          19           2  -1.1561371662030659E-007
          13           1          19           3   1.3191309858997071E-007
          13           2           1           1   1.0120162885845326E-005
          13           2           1           2  -1.8287752566071473E-006
          13           2           1           3   2.8487572703758037E-007
          13           2           2           1   3.9937082973219218E-005
          13           2           2           2  -9.3238928965832756E-006
          13           2           2           3   3.2193065873171203E-006
          13           2           5           1  -7.5884298972589612E-006
          13           2           5           2  -4.2780837324948439E-006
          13           2           5           3   3.4569919636594574E-006
          13           2           6           2   8.1854983322419813E-006
          13           2           7           2  -7.5271323174226353E-006
          13           2           7           3   7.2824399368327437E-007
          13           2           8           1  -1.4660908435295216E-005
          13           2           8           3  -1.2066612249523045E-006
          13           2           9           2   4.2637739752113210E-006
          13           2           9           3   1.1311267081912858E-006
          13           2          10           2  -6.2017297526747606E-006
          13           2          11           2   4.8645366519523867E-006
          13           2          11           3  -1.3199131614939191E-006
          13           2          12           2  -6.0650306347378844E-007
          13           2          12           3   1.5625111211169374E-006
          13           2          13           1  -1.0893967038555770E-005
          13           2          13           2   1.2938701161623107E-005
          13           2          13           3  -1.1198096406184390E-006
          13           2          14           2   6.3397918896005107E-005
          13           2          14           3  -4.8423948714682018E-006
          13           2          15           2   2.0351606290345219E-004
          13           2          15           3  -6.6174177178431647E-006
          13           2          16           2  -1.5004604843986449E-005
          13           2          18           2  -6.2790531766144463E-006
          13           2          19           1  -1.3860177562266270E-007
          13           2          19           2   6.2082659118811917E-008
          13           2          19           3  -9.8899761087880964E-008
          13           3           1           1  -2.9490565585450468E-007
          13           3           1           2   3.2849249727748323E-007
          13           3           1           3  -4.2430900957016596E-007
          13           3           2           1   1.0085069956554669E-005
          13           3           2           2  -3.2236413120768478E-006
          13           3           2           3   1.5096815777581715E-006
          13           3           5           1   1.6930380151404861E-007
          13           3           5           2  -1.0657754028738752E-006
          13           3           5           3   3.5104467611976979E-007
          13           3           6           2   2.3626507157149884E-006
          13           3           7           2  -2.3177195126997838E-006
          13           3           7           3   5.3524186159975554E-007
          13           3           8           1  -3.9216244108536348E-006
          13           3           8           3  -8.4554007149065715E-007
          13           3           9           2   5.0138723723871124E-006
          13           3           9           3   2.6074090412442643E-007
          13           3          10           2  -1.6982834567914259E-005
          13           3          11           2   3.3320760620730295E-007
          13           3          11           3  -4.2069736223555771E-007
          13           3          12           2   1.3159624906030644E-006
          13           3          12           3   7.4399844261510180E-008
          13           3          13           1   2.4478247744053653E-007
          13           3          13           2  -1.1198096422824612E-006
          13           3          13           3   5.8177328826502217E-007
          13           3          14           2  -2.6545332712727660E-006
          13           3          14           3   9.9250944130763704E-008
          13           3          15           2  -1.5012551316739604E-005
          13           3          15           3   6.0803289830802581E-007
          13           3          16           2   8.7482709585464511E-006
          13           3          18           2  -2.0241938770841283E-006
          13           3          19           1  -1.6556147080389559E-007
          13           3          19           2   7.3365442624208805E-008
          13           3          19           3  -6.9892706310802178E-008
          14           2           1           1   7.0229957853996350E-005
          14           2           1           2  -1.0976349125188426E-005
          14           2           1           3   1.5925450105342821E-007
          14           2           2           1   2.5592160285027246E-004
          14           2           2           2  -6.5525586802144900E-005
          14           2           2           3   2.4918149349177601E-005
          14           2           5           1  -3.8615681148118197E-005
          14           2           5           2  -3.4536609976663414E-005
          14           2           5           3   2.2812818844577252E-005
          14           2           6           2   5.7306306144858287E-005
          14           2           7           2  -6.2205983187299280E-005
          14           2           7           3   8.2014591520119519E-006
          14           2           8           1  -1.1154879377751085E-004
          14           2           8           3  -1.1565514828368657E-005
          14           2           9           2   5.4873533563815798E-005
          14           2           9           3   7.1265294228740572E-006
          14           2          10           2  -1.3541989676916003E-004
          14           2          11           2   2.7979925033122649E-005
          14           2          11           3  -9.2340902848256718E-006
          14           2          12           2  -3.9538930201536357E-006
          14           2          12           3   1.1291375388581733E-005
          14           2          13           1  -5.5554096943887952E-005
          14           2          13           2   6.3397918875162323E-005
          14           2          13           3  -2.6545332743621269E-006
          14           2          14           2   3.4713836893570537E-004
          14           2          14           3  -2.7586553149560851E-005
          14           2          15           2   1.2102228524051763E-003
          14           2          15           3  -4.2641256110058441E-005
          14           2          16           2  -3.0468763752564272E-005
          14           2          18           2  -4.5842141443420160E-005
          14           2          19           1  -1.6343623466389624E-006
          14           2          19           2   7.2757915403137739E-007
          14           2          19           3  -8.8487677616479177E-007
          14           3           1           1  -1.1559627816058702E-006
          14           3           1           2   1.1120075834157791E-007
          14           3           1           3   4.6606847374125178E-007
          14           3           2           1  -2.7658278207345943E-005
          14           3           2           2   7.7810626483056111E-006
          14           3           2           3  -3.3228663301622712E-006
          14           3           5           1   2.5170685675111891E-006
          14           3           5           2   4.5563495860806807E-006
          14           3           5           3  -2.7646035900977979E-006
          14           3           6           2  -5.5378494155496667E-006
          14           3           7           2   2.0326450966241620E-006
          14           3           7           3   5.3543845661485582E-008
          14           3           8           1   1.0016169947794519E-005
          14           3           8           3   1.5883949661986867E-006
          14           3           9           2  -8.1360713529100490E-006
          14           3           9           3  -1.0639778402637444E-006
          14           3          10           2   2.5710334564662669E-005
          14           3          11           2  -2.8099066042928259E-006
          14           3          11           3   1.1800173833199775E-006
          14           3          12           2  -1.8519583326598273E-006
          14           3          12           3  -5.5121814834281487E-007
          14           3          13           1   3.6143714460422526E-006
          14           3          13           2  -4.8423948602081202E-006
          14           3          13           3   9.9250954205460214E-008
          14           3          14           2  -2.7586553044350546E-005
          14           3          14           3   3.0808096499999622E-006
          14           3          15           2  -7.3197598292314194E-005
          14           3          15           3   2.3593322815350670E-006
          14           3          16           2  -1.5763524188946614E-005
          14           3          18           2   5.5643220155170375E-006
          14           3          19           1   1.3179664292514926E-007
          14           3          19           2  -5.9904242212843639E-008
          14           3          19           3   1.4713607727582796E-007
          15           2           1           1   4.0872650992111536E-004
          15           2           1           2  -6.2622755673386399E-005
          15           2           1           3   8.5514896174233650E-006
          15           2           2           1   6.4500977431625249E-004
          15           2           2           2  -1.8997998167985628E-004
          15           2           2           3   7.8269279542140364E-005
          15           2           5           1  -1.1903922320428024E-004
          15           2           5           2  -1.4678913044220842E-004
          15           2           5           3   1.0181154399663035E-004
          15           2           6           2   1.9004366112640071E-004
          15           2           7           2  -2.7149651671596567E-004
          15           2           7           3   5.2649478061355947E-005
          15           2           8           1  -2.9268750516210130E-004
          15           2           8           3  -3.4128144101008465E-005
          15           2           9           2   1.4628884738964080E-004
          15           2           9           3   8.0762627316451999E-006
          15           2          10           2  -3.1550774042977237E-004
          15           2          11           2   1.3183137616848591E-004
          15           2          11           3  -3.8906018281698424E-005
          15           2          12           2  -7.6528368772196017E-005
          15           2          12           3   4.3722686786338804E-005
          15           2          13           1  -1.7374267114178527E-004
          15           2          13           2   2.0351606289405053E-004
          15           2          13           3  -1.5012551270469829E-005
          15           2          14           2   1.2102228530007960E-003
          15           2          14           3  -7.3197598661148592E-005
          15           2          15           2   7.6940006548021408E-003
          15           2          15           3  -2.7691744478398959E-004
          15           2          16           2  -4.2003203123311622E-004
          15           2          18           2  -9.6171864121699134E-005
          15           2          19           1  -5.0636781475060623E-006
          15           2          19           2   2.2505888366158648E-006
          15           2          19           3  -2.3205756218292010E-006
          15           3           1           1  -2.0786385331531068E-005
          15           3           1           2   3.4834514488566534E-006
          15           3           1           3  -1.2559957900906227E-006
          15           3           2           1  -6.2087315055384086E-006
          15           3           2           2   1.5184198054398044E-006
          15           3           2           3  -2.7029506340107758E-007
          15           3           5           1   4.6449620538141070E-006
          15           3           5           2  -6.2178219565682054E-006
          15           3           5           3   3.3075329773517803E-007
          15           3           6           2  -1.8278190151276950E-006
          15           3           7           2   1.1242017556467310E-005
          15           3           7           3  -1.8029792517859104E-006
          15           3           8           1   1.7390790650102275E-005
          15           3           8           3  -2.0931217868674411E-008
          15           3           9           2  -2.5155491812460879E-006
          15           3           9           3   1.2625364327998754E-006
          15           3          10           2  -5.1236730413820581E-006
          15           3          11           2  -4.1269988699745966E-006
          15           3          11           3   4.2998352267975342E-007
          15           3          12           2   7.6793840841846693E-006
          15           3          12           3  -3.1439040874532640E-006
          15           3          13           1   6.7443559545253767E-006
          15           3          13           2  -6.6174177088272647E-006
          15           3          13           3   6.0803290792375252E-007
          15           3          14           2  -4.2641256006350539E-005
          15           3          14           3   2.3593322709842590E-006
          15           3          15           2  -2.7691744448018031E-004
          15           3          15           3   1.8365194608369785E-005
          15           3          16           2   3.1119822433093042E-005
          15           3          18           2   5.6739485900647941E-006
          15           3          19           1  -6.6204638161463472E-008
          15           3          19           2   3.0030594802146602E-008
          15           3          19           3  -8.0427511128949950E-008
          16           2           1           1  -2.3531463224203203E-004
          16           2           1           2   4.7460394306593239E-005
          16           2           1           3  -2.7462267611576219E-005
          16           2           2           1  -8.5370393020147350E-004
          16           2           2           2   3.9851631035284273E-004
          16           2           2           3  -2.2004296866667933E-004
          16           2           5           1   4.1846996057090356E-005
          16           2           5           2  -7.4346809024510439E-005
          16           2           5           3   3.2203551663888111E-005
          16           2           6           2  -2.1236791539387112E-004
          16           2           7           2   7.5498550160758111E-005
          16           2           7           3  -9.3327439708379549E-006
          16           2           8           1   4.6258094161315575E-004
          16           2           8           3   9.6443459455891137E-005
          16           2           9           2   6.7059191336880919E-005
          16           2           9           3  -5.0865134818095024E-005
          16           2          10           2  -9.9714548120761830E-004
          16           2          11           2   1.1202364630439472E-004
          16           2          11           3  -3.3836929918567950E-005
          16           2          12           2   1.1063250386925518E-004
          16           2          12           3  -2.7899024114146361E-005
          16           2          13           1   5.9949657047600448E-005
          16           2          13           2  -1.5004605055206059E-005
          16           2          13           3   8.7482707355483259E-006
          16           2          14           2  -3.0468766148168325E-005
          16           2          14           3  -1.5763523962545570E-005
          16           2          15           2  -4.2003203835382725E-004
          16           2          15           3   3.1119822415940740E-005
          16           2          16           2   9.9807399616763902E-003
          16           2          18           2   4.2379149285875963E-004
          16           2          19           1  -3.0497373169973619E-007
          16           2          19           2   1.4182550578227756E-007
          16           2          19           3  -3.2635247414060719E-006
          18           2           1           1   7.6244494513410961E-006
          18           2           1           2  -3.5538602153400661E-006
          18           2           1           3   4.4562518702717495E-006
          18           2           2           1  -2.0023984574138668E-004
          18           2           2           2   7.2154274491261698E-005
          18           2           2           3  -3.6279420787575102E-005
          18           2           5           1   7.7052856931697118E-006
          18           2           5           2   5.5993268966332826E-006
          18           2           5           3  -5.6856118273463019E-006
          18           2           6           2  -1.0761353973640605E-005
          18           2           7           2   1.3039581448523049E-005
          18           2           7           3  -1.5554055560229997E-006
          18           2           8           1   1.6614801001642795E-004
          18           2           8           3   2.7397680628762371E-005
          18           2           9           2  -5.0022664215430300E-005
          18           2           9           3  -1.3285469442162547E-005
          18           2          10           2   8.8414262514029880E-006
          18           2          11           2  -1.1324794015275112E-005
          18           2          11           3   6.3244968583587646E-006
          18           2          12           2  -1.1312797549462964E-005
          18           2          12           3   3.6222197932130253E-006
          18           2          13           1   1.1021173142816585E-005
          18           2          13           2  -6.2790531066158460E-006
          18           2          13           3  -2.0241938142647828E-006
          18           2          14           2  -4.5842140786785868E-005
          18           2          14           3   5.5643220140623059E-006
          18           2          15           2  -9.6171861827982349E-005
          18           2          15           3   5.6739486544386984E-006
          18           2          16           2   4.2379149147925180E-004
          18           2          18           2   1.4923211885781314E-004
          18           2          19           1   5.9946581349273697E-007
          18           2          19           2  -2.7957863704966371E-007
          18           2          19           3   7.4548367582166343E-007
          19           1           1           1  -1.4889454647415337E-006
          19           1           1           2   4.2805644378065849E-007
          19           1           1           3  -1.9661384967284239E-007
          19           1           2           1  -4.9604247049864366E-006
          19           1           2           2   1.5814109673202910E-006
          19           1           2           3  -7.1730369478584546E-007
          19           1           5           1   1.7962686171501907E-007
          19           1           5           2   6.4866828942847584E-007
          19           1           5           3  -3.7205520784580357E-007
          19           1           6           2  -8.6003673253508561E-007
          19           1           7           2   1.3735153485345435E-006
          19           1           7           3  -3.5602945028242028E-007
          19           1           8           1   1.3128530834258324E-006
          19           1           8           3   3.9236443590057411E-007
          19           1           9           2  -1.6689264099027154E-006
          19           1           9           3   6.5389347838831080E-008
          19           1          10           2   4.7013958008492213E-006
          19           1          11           2   1.3862376912236197E-006
          19           1          11           3  -3.7552832620745011E-007
          19           1          12           2  -4.2803222209506972E-007
          19           1          12           3  -7.2296184078334128E-009
          19           1          13           1   2.5962124284870832E-007
          19           1          13           2  -1.3860179195668758E-007
          19           1          13           3  -1.6556149067973397E-007
          19           1          14           2  -1.6343625651292147E-006
          19           1          14           3   1.3179667852520741E-007
          19           1          15           2  -5.0636787118275417E-006
          19           1          15           3  -6.6204624988316761E-008
          19           1          16           2  -3.0497407262625514E-007
          19           1          18           2   5.9946603261684112E-007
          19           1          19           1   3.0911107516842321E-007
          19           1          19           2  -1.3521498201690950E-007
          19           1          19           3   1.5833700927230654E-008
          19           2           1           1   6.4284016352795163E-007
          19           2           1           2  -1.8415376170255801E-007
          19           2           1           3   8.2859625865923455E-008
          19           2           2           1   2.2520619347697359E-006
          19           2           2           2  -7.1925104176454369E-007
          19           2           2           3   3.2711251212245765E-007
          19           2           5           1  -7.9993781231382608E-008
          19           2           5           2  -2.9089932177012872E-007
          19           2           5           3   1.6687287716084467E-007
          19           2           6           2   3.9040330945905119E-007
          19           2           7           2  -6.0264784809757797E-007
          19           2           7           3   1.5590917453400485E-007
          19           2           8           1  -6.0332791635718453E-007
          19           2           8           3  -1.7998102696042108E-007
          19           2           9           2   7.5957364367484099E-007
          19           2           9           3  -2.6251755124727160E-008
          19           2          10           2  -2.1395058742133819E-006
          19           2          11           2  -5.9673685717193415E-007
          19           2          11           3   1.5961740305297235E-007
          19           2          12           2   2.0059604427069879E-007
          19           2          12           3   5.3186231621906801E-010
          19           2          13           1  -1.1561373921833440E-007
          19           2          13           2   6.2082666189990225E-008
          19           2          13           3   7.3365451243169041E-008
          19           2          14           2   7.2757924879955964E-007
          19           2          14           3  -5.9904257722498164E-008
          19           2          15           2   2.2505890809974062E-006
          19           2          15           3   3.0030589020974532E-008
          19           2          16           2   1.4182565521627976E-007
          19           2          18           2  -2.7957873251986062E-007
          19           2          19           1  -1.3521498187477462E-007
          19           2          19           2   5.9157780239318812E-008
          19           2          19           3  -7.3760052065208304E-009
          19           3           1           1   3.3954420793906355E-007
          19           3           1           2  -1.5236164206897908E-007
          19           3           1           3   1.7818732500135345E-007
          19           3           2           1  -3.7849181406593471E-006
          19           3           2           2   1.2044946155597722E-006
          19           3           2           3  -5.6702673551288441E-007
          19           3           5           1   9.1480562070760904E-008
          19           3           5           2   4.5970671732895216E-007
          19           3           5           3  -2.7223457953083056E-007
          19           3           6           2  -8.8595399027651701E-007
          19           3           7           2   2.3829979903927477E-007
          19           3           7           3  -3.9188981980400460E-008
          19           3           8           1   1.1078414518342971E-006
          19           3           8           3   2.8671622142348272E-007
          19           3           9           2  -1.4723454413615616E-006
          19           3           9           3  -1.5912086508586709E-007
          19           3          10           2   5.0837373730902455E-006
          19           3          11           2  -5.5399213617715024E-007
          19           3          11           3   2.7397799276714545E-007
          19           3          12           2  -5.2192239767143493E-007
          19           3          12           3   1.0776083916557251E-008
          19           3          13           1   1.3191309486213101E-007
          19           3          13           2  -9.8899758429183310E-008
          19           3          13           3  -6.9892703756732866E-008
          19           3          14           2  -8.8487674912834342E-007
          19           3          14           3   1.4713607609024420E-007
          19           3          15           2  -2.3205755337564715E-006
          19           3          15           3  -8.0427509586604624E-008
          19           3          16           2  -3.2635247725987052E-006
          19           3          18           2   7.4548366879575722E-007
          19           3          19           1   1.5833694241146776E-008
          19           3          19           2  -7.3760022889025516E-009
          19           3          19           3   2.8651729499730318E-008
