       0.00000000E+00      -0.15785506E+03       0.15264600E+02      -0.97093428E+02       0.61647014E+01       0.22123598E+02       0.38121496E+01       0.17882766E+03       0.20274018E+01       0.43291684E+01       0.16103076E+01      -0.69241860E+03       0.12665400E+01      -0.17125613E+03       0.28264054E+01      -0.58898398E+02       0.11600354E+01      -0.24110270E+01       0.86584776E+00       0.15437886E+01       0.37941866E+00       0.14905824E+02       0.15254186E+01       0.16624997E+00       0.43609953E+00
       0.10000000E+00      -0.15785506E+03       0.15264600E+02      -0.97093428E+02       0.61647014E+01       0.22123598E+02       0.38121496E+01       0.17882766E+03       0.20274018E+01       0.43291684E+01       0.16103076E+01      -0.69241860E+03       0.12665400E+01      -0.17125613E+03       0.28264054E+01      -0.58898398E+02       0.11600354E+01      -0.24110270E+01       0.86584776E+00       0.15437886E+01       0.37941866E+00       0.14905824E+02       0.15254186E+01       0.16624997E+00       0.43609953E+00
       0.20000000E+00      -0.15367437E+03       0.15113796E+02      -0.96689346E+02       0.61259860E+01       0.21417617E+02       0.37865753E+01       0.17751646E+03       0.20060191E+01       0.43305471E+01       0.15567094E+01      -0.65039988E+03       0.12223273E+01      -0.17056325E+03       0.27885381E+01      -0.58709249E+02       0.11249193E+01      -0.22468980E+01       0.82856100E+00       0.15208312E+01       0.36444902E+00       0.14940754E+02       0.15157727E+01       0.14326535E+00       0.42714152E+00
       0.30000000E+00      -0.14685768E+03       0.14868439E+02      -0.96027281E+02       0.60634944E+01       0.20267216E+02       0.37456607E+01       0.17535034E+03       0.19712651E+01       0.43317415E+01       0.14715359E+01      -0.59000525E+03       0.11520470E+01      -0.16940691E+03       0.27295984E+01      -0.58391634E+02       0.10695838E+01      -0.19814505E+01       0.76986747E+00       0.14826242E+01       0.34077518E+00       0.14993588E+02       0.15004060E+01       0.10572231E+00       0.41286607E+00
       0.40000000E+00      -0.13762423E+03       0.14536700E+02      -0.95123425E+02       0.59799937E+01       0.18709983E+02       0.36915951E+01       0.17235956E+03       0.19243020E+01       0.43311663E+01       0.13605463E+01      -0.52112473E+03       0.10604211E+01      -0.16778548E+03       0.26550024E+01      -0.57942361E+02       0.99834137E+00      -0.16263937E+01       0.69450438E+00       0.14292778E+01       0.31015476E+00       0.15056669E+02       0.14802149E+01       0.54764569E-01       0.39416577E+00
       0.50000000E+00      -0.12626651E+03       0.14128599E+02      -0.93998698E+02       0.58788431E+01       0.16795183E+02       0.36268000E+01       0.16858559E+03       0.18664781E+01       0.43267372E+01       0.12309194E+01      -0.45185573E+03       0.95333951E+00      -0.16569795E+03       0.25708353E+01      -0.57357658E+02       0.91636994E+00      -0.11972625E+01       0.60829224E+00       0.13609999E+01       0.27476028E+00       0.15120089E+02       0.14561575E+01      -0.80152267E-02       0.37212817E+00
       0.60000000E+00      -0.11313675E+03       0.13654998E+02      -0.92677181E+02       0.57635879E+01       0.14580726E+02       0.35534998E+01       0.16407908E+03       0.17991491E+01       0.43159993E+01       0.10905181E+01      -0.38728609E+03       0.83725983E+00      -0.16314510E+03       0.24827521E+01      -0.56633788E+02       0.82904344E+00      -0.71261739E+00       0.51746823E+00       0.12781421E+01       0.23694161E+00       0.15172415E+02       0.14290397E+01      -0.80588329E-01       0.34790816E+00
       0.70000000E+00      -0.98630925E+02       0.13126740E+02      -0.91184349E+02       0.56375688E+01       0.12129751E+02       0.34734009E+01       0.15889895E+03       0.17235550E+01       0.42962798E+01       0.94712949E+00      -0.32984454E+03       0.71858769E+00      -0.16013075E+03       0.23950253E+01      -0.55767755E+02       0.74129786E+00      -0.19309485E+00       0.42800897E+00       0.11812535E+01       0.19898326E+00       0.15201548E+02       0.13993370E+01      -0.16051204E+00       0.32260517E+00
       0.80000000E+00      -0.83171092E+02       0.12554106E+02      -0.89545250E+02       0.55036047E+01       0.95070618E+01       0.33875521E+01       0.15311133E+03       0.16407816E+01       0.42648589E+01       0.80777507E+00      -0.28018079E+03       0.60311534E+00      -0.15666309E+03       0.23099346E+01      -0.54758027E+02       0.65713456E+00       0.33963940E+00       0.34503452E+00       0.10711339E+01       0.16288864E+00       0.15195622E+02       0.13670920E+01      -0.24496441E+00       0.29716383E+00
       0.90000000E+00      -0.67187054E+02       0.11946650E+02      -0.87782793E+02       0.53637914E+01       0.67757468E+01       0.32964019E+01       0.14678760E+03       0.15518109E+01       0.42191503E+01       0.67817328E+00      -0.23795056E+03       0.49558365E+00      -0.15275587E+03       0.22276099E+01      -0.53605212E+02       0.57932978E+00       0.86397597E+00       0.27236862E+00       0.94888283E+00       0.13021774E+00       0.15143897E+02       0.13319109E+01      -0.33079452E+00       0.27231105E+00
       0.10000000E+01      -0.51098316E+02       0.11313346E+02      -0.85916293E+02       0.52194335E+01       0.39942215E+01       0.32000115E+01       0.14000264E+03       0.14576349E+01       0.41568807E+01       0.56240577E+00      -0.20235805E+03       0.39941014E+00      -0.14842943E+03       0.21463340E+01      -0.52312634E+02       0.50937458E+00       0.13594271E+01       0.21230216E+00       0.81593875E+00       0.10199488E+00       0.15037567E+02       0.12930580E+01      -0.41459080E+00       0.24853444E+00
       0.11000000E+01      -0.35297281E+02       0.10662931E+02      -0.83960398E+02       0.50711067E+01       0.12139319E+01       0.30983437E+01       0.13283341E+03       0.13593916E+01       0.40762608E+01       0.46280744E+00      -0.17247723E+03       0.31659824E+00      -0.14371129E+03       0.20632125E+01      -0.50886739E+02       0.44762316E+00       0.18076140E+01       0.16557285E+00       0.67410311E+00       0.78691583E-01       0.14870438E+02       0.12496299E+01      -0.49276866E+00       0.22609888E+00
       0.12000000E+01      -0.20134540E+02       0.10004247E+02      -0.81924490E+02       0.49188253E+01      -0.15221272E+01       0.29915354E+01       0.12535729E+03       0.12584752E+01       0.39761371E+01       0.38006614E+00      -0.14741088E+03       0.24781560E+00      -0.13863644E+03       0.19750429E+01      -0.49337302E+02       0.39358969E+00       0.21931237E+01       0.13154088E+00       0.52554599E+00       0.60278062E-01       0.14639410E+02       0.12007700E+01      -0.56167757E+00       0.20509141E+00
       0.13000000E+01      -0.59069669E+01       0.93464393E+01      -0.79812611E+02       0.47622798E+01      -0.41799981E+01       0.28800746E+01       0.11765049E+03       0.11565877E+01       0.38561164E+01       0.31348985E+00      -0.12635701E+03       0.19260674E+00      -0.13324708E+03       0.18791779E+01      -0.47677388E+02       0.34631263E+00       0.25041903E+01       0.10851263E+00       0.37278982E+00       0.46327264E-01       0.14344745E+02       0.11458789E+01      -0.61772574E+00       0.18548056E+00
       0.14000000E+01       0.71508681E+01       0.86988820E+01      -0.77623927E+02       0.46011055E+01      -0.67344574E+01       0.27648436E+01       0.10978689E+03       0.10557140E+01       0.37166560E+01       0.26138041E+00      -0.10862983E+03       0.14969020E+00      -0.12759194E+03       0.17741981E+01      -0.45923079E+02       0.30470312E+00       0.27331681E+01       0.94147571E-01       0.21866998E+00       0.36149494E-01       0.13990081E+02       0.10847797E+01      -0.65751923E+00       0.16717609E+00
       0.15000000E+01       0.18871627E+02       0.80708270E+01      -0.75353667E+02       0.44351439E+01      -0.91679148E+01       0.26470317E+01       0.10183696E+03       0.95802918E+00       0.35591129E+01       0.22144624E+00      -0.93656621E+02       0.11728570E+00      -0.12172503E+03       0.16602596E+01      -0.44092951E+02       0.26781013E+00       0.28767729E+01       0.85878164E-01       0.66272181E-01       0.28933738E-01       0.13582206E+02       0.10178068E+01      -0.67801030E+00       0.15007744E+00
       0.16000000E+01       0.29156395E+02       0.74708418E+01      -0.72994480E+02       0.42646651E+01      -0.11468679E+02       0.25279586E+01       0.93866711E+02       0.86576317E+00       0.33857483E+01       0.19119118E+00      -0.80964429E+02       0.93420884E-01      -0.11570409E+03       0.15390710E+01      -0.42207338E+02       0.23496441E+00       0.29360844E+01       0.81279761E-01      -0.81151823E-01       0.23874186E-01       0.13130596E+02       0.94580549E+00      -0.67664859E+00       0.13410413E+00
       0.17000000E+01       0.37972243E+02       0.69061697E+01      -0.70538058E+02       0.40905272E+01      -0.13628820E+02       0.24088661E+01       0.85937163E+02       0.78105284E+00       0.31996858E+01       0.16823093E+00      -0.70165434E+02       0.76179549E-01      -0.10958857E+03       0.14135369E+01      -0.40287432E+02       0.20579658E+00       0.29163156E+01       0.78344232E-01      -0.22028698E+00       0.20266055E-01       0.12646755E+02       0.87005003E+00      -0.65152721E+00       0.11920697E+00
       0.18000000E+01       0.45346510E+02       0.63821718E+01      -0.67976897E+02       0.39142579E+01      -0.15641887E+02       0.22907374E+01       0.78103857E+02       0.70580858E+00       0.30048225E+01       0.15050849E+00      -0.60942544E+02       0.63869844E-01      -0.10343751E+03       0.12871815E+01      -0.38354261E+02       0.18015564E+00       0.28263658E+01       0.75633219E-01      -0.34787175E+00       0.17562339E-01       0.12143402E+02       0.79210043E+00      -0.60151539E+00       0.10536372E+00
       0.19000000E+01       0.51358291E+02       0.59019885E+01      -0.65306022E+02       0.37380479E+01      -0.17500762E+02       0.21741779E+01       0.70416543E+02       0.64160761E+00       0.28056969E+01       0.13640193E+00      -0.53036242E+02       0.55108355E-01      -0.97307232E+02       0.11635033E+01      -0.36427634E+02       0.15797384E+00       0.26781891E+01       0.72310467E-01      -0.46082337E+00       0.15391049E-01       0.11633561E+02       0.71363197E+00      -0.52636888E+00       0.92565979E-01
       0.20000000E+01       0.56127820E+02       0.54665026E+01      -0.62524520E+02       0.35646572E+01      -0.19195910E+02       0.20593731E+01       0.62919126E+02       0.58961167E+00       0.26073169E+01       0.12473662E+00      -0.46233933E+02       0.48831327E-01      -0.91249138E+02       0.10454145E+01      -0.34525100E+02       0.13912994E+00       0.24860176E+01       0.68072847E-01      -0.55636504E+00       0.13539260E-01       0.11129621E+02       0.63627033E+00      -0.42680992E+00       0.80804858E-01
       0.21000000E+01       0.59804457E+02       0.50746102E+01      -0.59636725E+02       0.33972385E+01      -0.20714250E+02       0.19461116E+01       0.55649736E+02       0.55049656E+00       0.24149566E+01       0.11472765E+00      -0.40361206E+02       0.44254444E-01      -0.85307725E+02       0.93487978E+00      -0.32661023E+02       0.12335476E+00       0.22654867E+01       0.63013442E-01      -0.63214836E+00       0.11914907E-01       0.10642429E+02       0.56146019E+00      -0.30456928E+00       0.70061503E-01
       0.22000000E+01       0.62554111E+02       0.47237371E+01      -0.56652947E+02       0.32390930E+01      -0.22038795E+02       0.18338560E+01       0.48640859E+02       0.52438076E+00       0.22339296E+01       0.10588410E+00      -0.35274472E+02       0.40806780E-01      -0.79518901E+02       0.83281298E+00      -0.30845824E+02       0.11020436E+00       0.20327142E+01       0.57455670E-01      -0.68636398E+00       0.10499067E-01       0.10180490E+02       0.49038362E+00      -0.16238483E+00       0.60305413E-01
       0.23000000E+01       0.64546871E+02       0.44104834E+01      -0.53589646E+02       0.30933790E+01      -0.23149160E+02       0.17218456E+01       0.41919589E+02       0.51074994E+00       0.20693494E+01       0.97906084E-01      -0.30855180E+02       0.38062768E-01      -0.73908788E+02       0.73921618E+00      -0.29085453E+02       0.99103074E-01       0.18033862E+01       0.51795050E-01      -0.71783408E+00       0.93005821E-02       0.97493257E+01       0.42393098E+00      -0.39528581E-02       0.51500120E-01
       0.24000000E+01       0.65945589E+02       0.41312624E+01      -0.50469035E+02       0.29627992E+01      -0.24022908E+02       0.16092278E+01       0.35507952E+02       0.50839062E+00       0.19258890E+01       0.90598163E-01      -0.27005222E+02       0.35689662E-01      -0.68493062E+02       0.65349125E+00      -0.27381141E+02       0.89437543E-01       0.15919004E+01       0.46376324E-01      -0.72608107E+00       0.83218570E-02       0.93510348E+01       0.36271489E+00       0.16616895E+00       0.43612779E-01
       0.25000000E+01       0.66896049E+02       0.38828097E+01      -0.47318113E+02       0.28492982E+01      -0.24637648E+02       0.14952232E+01       0.29423194E+02       0.51536123E+00       0.18075501E+01       0.83812708E-01      -0.23643063E+02       0.33419095E-01      -0.63276908E+02       0.57481679E+00      -0.25729453E+02       0.80668912E-01       0.14106134E+01       0.41421100E-01      -0.71136787E+00       0.75404165E-02       0.89841046E+01       0.30711033E+00       0.34270539E+00       0.36622824E-01
       0.26000000E+01       0.67519234E+02       0.36624784E+01      -0.44167197E+02       0.27537986E+01      -0.24973690E+02       0.13793352E+01       0.23678106E+02       0.52903661E+00       0.17174550E+01       0.77425811E-01      -0.20700660E+02       0.31042346E-01      -0.58255588E+02       0.50248105E+00      -0.24122653E+02       0.72427466E-01       0.12692314E+01       0.37007887E-01      -0.67470682E+00       0.69063975E-02       0.86434733E+01       0.25730164E+00       0.51985001E+00       0.30525086E-01
       0.27000000E+01       0.67906017E+02       0.34682850E+01      -0.41048066E+02       0.26760043E+01      -0.25017018E+02       0.12615986E+01       0.18281364E+02       0.54625577E+00       0.16576716E+01       0.71339117E-01      -0.18121029E+02       0.28421839E-01      -0.53415617E+02       0.43608612E+00      -0.22549359E+02       0.64561033E-01       0.11743729E+01       0.33095120E-01      -0.61783582E+00       0.63524998E-02       0.83208523E+01       0.21332115E+00       0.69148677E+00       0.25324780E-01
       0.28000000E+01       0.68114457E+02       0.32987261E+01      -0.37991861E+02       0.26142913E+01      -0.24762263E+02       0.11428447E+01       0.13237813E+02       0.56358344E+00       0.16290811E+01       0.65495487E-01      -0.15856163E+02       0.25507552E-01      -0.48736467E+02       0.37558511E+00      -0.20995469E+02       0.57123641E-01       0.11293230E+01       0.29570603E-01      -0.54316189E+00       0.58106872E-02       0.80052860E+01       0.17507128E+00       0.85143764E+00       0.21024586E-01
       0.29000000E+01       0.68169682E+02       0.31524299E+01      -0.35026912E+02       0.25657039E+01      -0.24215372E+02       0.10249342E+01       0.85487537E+01       0.57766713E+00       0.16312962E+01       0.59895020E-01      -0.13865344E+02       0.22346890E-01      -0.44192704E+02       0.32116580E+00      -0.19445286E+02       0.50308967E-01       0.11339858E+01       0.26308418E-01      -0.45367446E+00       0.52293679E-02       0.76839152E+01       0.14233101E+00       0.99372472E+00       0.17606996E-01
       0.30000000E+01       0.68066171E+02       0.30277343E+01      -0.32176690E+02       0.25260648E+01      -0.23395648E+02       0.91089468E+00       0.42122546E+01       0.58564133E+00       0.16626359E+01       0.54600428E-01      -0.12113828E+02       0.19079647E-01      -0.39756440E+02       0.27303849E+00      -0.17882789E+02       0.44349078E-01       0.11850310E+01       0.23216616E-01      -0.35283191E+00       0.45857668E-02       0.73428933E+01       0.11475466E+00       0.11128340E+01       0.15017114E-01
       0.31000000E+01       0.67772119E+02       0.29222997E+01      -0.29458039E+02       0.24902054E+01      -0.22336894E+02       0.80490418E+00       0.22344044E+00       0.58550912E+00       0.17201588E+01       0.49725958E-01      -0.10571717E+02       0.15914846E-01      -0.35399920E+02       0.23120978E+00      -0.16292964E+02       0.39408373E-01       0.12762189E+01       0.20264565E-01      -0.24442679E+00       0.38902724E-02       0.69683968E+01       0.91874669E-01       0.12039678E+01       0.13151642E-01
       0.32000000E+01       0.67235431E+02       0.28328581E+01      -0.26879887E+02       0.24523142E+01      -0.21087453E+02       0.71208377E+00      -0.34251925E+01       0.57642575E+00       0.17997555E+01       0.45410158E-01      -0.92130385E+01       0.13091895E-01      -0.31098120E+02       0.19532355E+00      -0.14663110E+02       0.35503310E-01       0.13988781E+01       0.17486025E-01      -0.13243579E+00       0.31820727E-02       0.65476621E+01       0.73119148E-01       0.12632716E+01       0.11858594E-01
       0.33000000E+01       0.66390807E+02       0.27551781E+01      -0.24442523E+02       0.24063934E+01      -0.19709016E+02       0.63810385E+00      -0.67433967E+01       0.55882170E+00       0.18962969E+01       0.41778201E-01      -0.80150620E+01       0.10833249E-01      -0.26831155E+02       0.16462570E+00      -0.12984042E+02       0.32470561E-01       0.15425040E+01       0.14960903E-01      -0.20861905E-01       0.25177425E-02       0.60699816E+01       0.57850330E-01       0.12880247E+01       0.10949640E-01
       0.34000000E+01       0.65167365E+02       0.26842951E+01      -0.22137565E+02       0.23468002E+01      -0.18274187E+02       0.58865057E+00      -0.97427660E+01       0.53433276E+00       0.20038323E+01       0.38902939E-01      -0.69577289E+01       0.92983986E-02      -0.22586369E+02       0.13806961E+00      -0.11251107E+02       0.29992204E-01       0.16954378E+01       0.12783684E-01       0.86423854E-01       0.19560852E-02       0.55275901E+01       0.45422281E-01       0.12767820E+01       0.10223699E-01
       0.35000000E+01       0.63496208E+02       0.26150017E+01      -0.19948628E+02       0.22688321E+01      -0.16862884E+02       0.56883166E+00      -0.12436279E+02       0.50554268E+00       0.21158291E+01       0.36774565E-01      -0.60232028E+01       0.85490887E-02      -0.18359954E+02       0.11453544E+00      -0.94649441E+01       0.27670535E-01       0.18455846E+01       0.11028950E-01       0.18583349E+00       0.15431757E-02       0.49163852E+01       0.35249102E-01       0.12294602E+01       0.94972035E-02
       0.36000000E+01       0.61317411E+02       0.25425434E+01      -0.17852669E+02       0.21692972E+01      -0.15557783E+02       0.58261072E+00      -0.14837760E+02       0.47558172E+00       0.22254430E+01       0.35286811E-01      -0.51955656E+01       0.85332873E-02      -0.14158008E+02       0.93101155E-01      -0.76319410E+01       0.25131408E-01       0.19811292E+01       0.97237874E-02       0.27419872E+00       0.13011693E-02       0.42364308E+01       0.26869349E-01       0.11473619E+01       0.86343507E-02
       0.37000000E+01       0.58585969E+02       0.24634034E+01      -0.15821953E+02       0.20469911E+01      -0.14439083E+02       0.63234219E+00      -0.16961309E+02       0.44765129E+00       0.23258065E+01       0.34243718E-01      -0.44605890E+01       0.90912968E-02      -0.99969551E+01       0.73286334E-01      -0.57643489E+01       0.22127349E-01       0.20912062E+01       0.88340785E-02       0.34888699E+00       0.12232458E-02       0.34922112E+01       0.19991045E-01       0.10331363E+01       0.75702001E-02
       0.38000000E+01       0.55276328E+02       0.23760210E+01      -0.13826478E+02       0.19029963E+01      -0.13578967E+02       0.71844248E+00      -0.18820707E+02       0.42455497E+00       0.24103221E+01       0.33386175E-01      -0.38055626E+01       0.99826123E-02      -0.59032833E+01       0.55194659E-01      -0.38800422E+01       0.18611899E-01       0.21664906E+01       0.82673539E-02       0.40789157E+00       0.12754210E-02       0.26926161E+01       0.14504592E-01       0.89067631E+00       0.63207700E-02
       0.39000000E+01       0.51385274E+02       0.22812642E+01      -0.11836710E+02       0.17407277E+01      -0.13036156E+02       0.83919034E+00      -0.20428796E+02       0.40830913E+00       0.24729454E+01       0.32432939E-01      -0.32192040E+01       0.10927789E-01      -0.19126392E+01       0.39507146E-01      -0.20019348E+01       0.14764357E-01       0.21996776E+01       0.78905014E-02       0.44989196E+00       0.14043096E-02       0.18506565E+01       0.10457706E-01       0.72495848E+00       0.49771187E-02
       0.40000000E+01       0.46933058E+02       0.21824975E+01      -0.98264245E+01       0.15656731E+01      -0.12850995E+02       0.99061983E+00      -0.21796891E+02       0.39988521E+00       0.25084465E+01       0.31127684E-01      -0.26916043E+01       0.11656668E-01       0.19316938E+01       0.27317013E-01      -0.15707926E+00       0.10957211E-01       0.21858290E+01       0.75570805E-02       0.47428245E+00       0.15486503E-02       0.98292731E+00       0.79952780E-02       0.54183155E+00       0.36840184E-02
       0.41000000E+01       0.41962788E+02       0.20851461E+01      -0.77754267E+01       0.13848249E+01      -0.13041464E+02       0.11664669E+01      -0.22934264E+02       0.39910818E+00       0.25126345E+01       0.29282514E-01      -0.22141812E+01       0.11953367E-01       0.55808325E+01       0.19838978E-01       0.16244983E+01       0.76733205E-02       0.21225725E+01       0.71371031E-02       0.48116817E+00       0.16517530E-02       0.10884924E+00       0.72756993E-02       0.34776545E+00       0.26073758E-02
       0.42000000E+01       0.36538216E+02       0.19957517E+01      -0.56719492E+01       0.12058564E+01      -0.13600477E+02       0.13581592E+01      -0.23847717E+02       0.40470943E+00       0.24825366E+01       0.26809332E-01      -0.17796600E+01       0.11689578E-01       0.89827278E+01       0.18059329E-01       0.33111657E+01       0.53926605E-02       0.20101498E+01       0.65421433E-02       0.47132982E+00       0.16720868E-02      -0.75026494E+00       0.83813765E-02       0.14957241E+00       0.18971621E-02
       0.43000000E+01       0.30740176E+02       0.19206391E+01      -0.35145267E+01       0.10361527E+01      -0.14494731E+02       0.15548902E+01      -0.24541295E+02       0.41451346E+00       0.24165222E+01       0.23733265E-01      -0.13820543E+01       0.10840512E-01       0.12084852E+02       0.22409863E-01       0.48711745E+01       0.44758585E-02       0.18513176E+01       0.57403171E-02       0.44615985E+00       0.15899019E-02      -0.15722626E+01       0.11243240E-01      -0.45885284E-01       0.16536607E-02
       0.44000000E+01       0.24662000E+02       0.18644197E+01      -0.13131856E+01       0.88185230E+00      -0.15665279E+02       0.17438711E+01      -0.25016193E+02       0.42572745E+00       0.23143659E+01       0.20186156E-01      -0.10166198E+01       0.94816002E-02       0.14836985E+02       0.32544852E-01       0.62741891E+01       0.50722609E-02       0.16511140E+01       0.47584638E-02       0.40757392E+00       0.14088524E-02      -0.23352594E+01       0.15596559E-01      -0.23198664E+00       0.19040966E-02
       0.45000000E+01       0.18404296E+02       0.18286407E+01       0.91016469E+00       0.74706857E+00      -0.17029853E+02       0.19108831E+01      -0.25270849E+02       0.43530021E+00       0.21772481E+01       0.16382175E-01      -0.67979890E+00       0.77679510E-02       0.17193923E+02       0.47276780E-01       0.74927690E+01       0.70739364E-02       0.14165100E+01       0.36719815E-02       0.35790302E+00       0.11527704E-02      -0.30187374E+01       0.20978773E-01      -0.40262780E+00       0.25943871E-02
       0.46000000E+01       0.12069472E+02       0.18109000E+01       0.31221998E+01       0.63344361E+00      -0.18486863E+02       0.20412320E+01      -0.25301269E+02       0.44031738E+00       0.20076924E+01       0.12580861E-01      -0.36914306E+00       0.59016955E-02       0.19117980E+02       0.64690035E-01       0.85037198E+01       0.10125743E-01       0.11559733E+01       0.25854751E-02       0.29977205E+00       0.85876456E-03      -0.36045690E+01       0.26770988E-01      -0.55246897E+00       0.35974179E-02
       0.47000000E+01       0.57564306E+01       0.18046882E+01       0.52795060E+01       0.54012777E+00      -0.19920847E+02       0.21211365E+01      -0.25101583E+02       0.43839853E+00       0.18094441E+01       0.90449725E-02      -0.83196871E-01       0.40942334E-02       0.20581109E+02       0.82411209E-01       0.92892419E+01       0.13688303E-01       0.87897050E+00       0.16090926E-02       0.23597139E+00       0.56846494E-03      -0.40779094E+01       0.32275357E-01      -0.67714085E+00       0.47357074E-02
       0.48000000E+01      -0.44423286E+00       0.18000863E+01       0.73306979E+01       0.46419793E+00      -0.21209055E+02       0.21394571E+01      -0.24664826E+02       0.42805705E+00       0.15872969E+01       0.60008587E-02       0.17864130E+00       0.25306849E-02       0.21566550E+02       0.97979861E-01       0.98378122E+01       0.17138780E-01       0.59544214E+00       0.83587839E-03       0.16932787E+00       0.31941637E-03      -0.44279063E+01       0.36812960E-01      -0.77340109E+00       0.58133714E-02
       0.49000000E+01      -0.64542237E+01       0.17852678E+01       0.92192089E+01       0.40143479E+00      -0.22228735E+02       0.20895408E+01      -0.23983892E+02       0.40897723E+00       0.13468760E+01       0.36079471E-02       0.41627758E+00       0.13426974E-02       0.22069914E+02       0.10924271E+00       0.10144757E+02       0.19886463E-01       0.31527964E+00       0.32469843E-03       0.10258136E+00       0.13834731E-03      -0.46481921E+01       0.39822698E-01      -0.83923438E+00       0.66505917E-02
       0.50000000E+01      -0.12210509E+02       0.17485675E+01       0.10886580E+02       0.34730018E+00      -0.22864658E+02       0.19708425E+01      -0.23052665E+02       0.38215813E+00       0.10943896E+01       0.19416492E-02       0.62910930E+00       0.59352168E-03       0.22099635E+02       0.11469126E+00       0.10212489E+02       0.21478060E-01       0.47834071E-01       0.91622973E-04       0.38272764E-01       0.37434223E-04      -0.47371335E+01       0.40941929E-01      -0.87389271E+00       0.71136293E-02
       0.51000000E+01      -0.17667124E+02       0.16807314E+01       0.12276041E+02       0.29790948E+00      -0.23016375E+02       0.17899399E+01      -0.21867238E+02       0.34987886E+00       0.83636136E+00       0.99111525E-03       0.81622220E+00       0.27653822E-03       0.21676802E+02       0.11367792E+00       0.10050398E+02       0.21671276E-01      -0.19851780E+00       0.11054660E-03      -0.21351951E-01       0.13911736E-04      -0.46978331E+01       0.40053837E-01      -0.87787583E+00       0.71347548E-02
       0.52000000E+01      -0.22795783E+02       0.15768913E+01       0.13336141E+02       0.25079332E+00      -0.22604713E+02       0.15606051E+01      -0.20427146E+02       0.31545745E+00       0.57935715E+00       0.67047148E-03       0.97658547E+00       0.32576960E-03       0.20834377E+02       0.10647367E+00       0.96744213E+01       0.20463552E-01      -0.41672938E+00       0.32181883E-03      -0.74417901E-01       0.52639844E-04      -0.45378870E+01       0.37293765E-01      -0.85285476E+00       0.67189080E-02
       0.53000000E+01      -0.27585344E+02       0.14378411E+01       0.14024211E+02       0.20529092E+00      -0.21577060E+02       0.13027446E+01      -0.18736571E+02       0.28280867E+00       0.32971873E+00       0.83996973E-03       0.11092470E+01       0.63489772E-03       0.19615854E+02       0.94165250E-01       0.91063049E+01       0.18073426E-01      -0.60134719E+00       0.64616516E-03      -0.11947511E+00       0.13068492E-03      -0.42689229E+01       0.33015182E-01      -0.80154442E+00       0.59368235E-02
       0.54000000E+01      -0.32040277E+02       0.12703190E+01       0.14309394E+02       0.16250266E+00      -0.19911094E+02       0.10402354E+01      -0.16805403E+02       0.25584832E+00       0.93318020E-01       0.13322249E-02       0.12135138E+01       0.10802129E-02       0.18073461E+02       0.78421996E-01       0.83726250E+01       0.14882243E-01      -0.74867223E+00       0.10004616E-02      -0.15552882E+00       0.22269641E-03      -0.39059504E+01       0.27723672E-01      -0.72753379E+00       0.49070990E-02
       0.55000000E+01      -0.36178294E+02       0.10862066E+01       0.14175080E+02       0.12483323E+00      -0.17616685E+02       0.79793130E+00      -0.14650089E+02       0.23783418E+00      -0.12465780E+00       0.19785253E-02       0.12891016E+01       0.15428615E-02       0.16266005E+02       0.61186114E-01       0.75036142E+01       0.11351599E-01      -0.85681781E+00       0.13120308E-02      -0.18204645E+00       0.30588415E-03      -0.34665678E+01       0.21992836E-01      -0.63508378E+00       0.37716595E-02
       0.56000000E+01      -0.40027425E+02       0.90078193E+00       0.13620546E+02       0.95251521E-01      -0.14735841E+02       0.59832047E+00      -0.12294199E+02       0.23076427E+00      -0.31988085E+00       0.26309580E-02       0.13362569E+01       0.19265909E-02       0.14256485E+02       0.44350420E-01       0.65318666E+01       0.79353896E-02      -0.92566780E+00       0.15289161E-02      -0.19894231E+00       0.36367255E-03      -0.29700754E+01       0.16378191E-01      -0.52890456E+00       0.26699313E-02
       0.57000000E+01      -0.43622757E+02       0.73036360E+00       0.12661716E+02       0.76456725E-01      -0.11340719E+02       0.45842774E+00      -0.97686400E+01       0.23495905E+00      -0.48901011E+00       0.31775032E-02       0.13558402E+01       0.21686197E-02       0.12109618E+02       0.29483327E-01       0.54909935E+01       0.50043875E-02      -0.95674497E+00       0.16247913E-02      -0.20654268E+00       0.38753103E-03      -0.24365477E+01       0.11343943E-01      -0.41392438E+00       0.17167007E-02
       0.58000000E+01      -0.47003126E+02       0.58980683E+00       0.11330980E+02       0.70155726E-01      -0.75298176E+01       0.38754323E+00      -0.71114729E+01       0.24893089E+00      -0.62976810E+00       0.35489554E-02       0.13493631E+01       0.22429172E-02       0.98893979E+01       0.17644872E-01       0.44143002E+01       0.27965111E-02      -0.95300365E+00       0.15984546E-02      -0.20553418E+00       0.37693885E-03      -0.18859195E+01       0.72135038E-02      -0.29506188E+00       0.98731625E-03
       0.59000000E+01      -0.50207984E+02       0.49033113E+00       0.96760713E+01       0.76620606E-01      -0.34226375E+01       0.38620825E+00      -0.43673033E+01       0.26959146E+00      -0.74096532E+00       0.37181390E-02       0.13189818E+01       0.21566938E-02       0.76568215E+01       0.93143801E-02       0.33335513E+01       0.13989119E-02      -0.91856412E+00       0.14689469E-02      -0.19689960E+00       0.33783238E-03      -0.13371333E+01       0.41489032E-02      -0.17701319E+00       0.51197194E-03
       0.60000000E+01      -0.53274652E+02       0.43806986E+00       0.77580945E+01       0.94618068E-01       0.84684391E+00       0.44663986E+00      -0.15862562E+01       0.29277733E+00      -0.82247416E+00       0.36931184E-02       0.12674495E+01       0.19420073E-02       0.54678883E+01       0.44259462E-02       0.22778826E+01       0.76058761E-03      -0.85840847E+00       0.12680259E-02      -0.18184512E+00       0.28013112E-03      -0.80739256E+00       0.21582686E-02      -0.64063437E-01       0.27878859E-03
       0.61000000E+01      -0.56236099E+02       0.43356119E+00       0.56488095E+01       0.12170481E+00       0.51374346E+01       0.55448024E+00       0.11774592E+01       0.31400123E+00      -0.87515654E+00       0.35067946E-02       0.11980252E+01       0.16449328E-02       0.33719559E+01       0.24876545E-02       0.12729063E+01       0.72810511E-03      -0.77805828E+00       0.10319349E-02      -0.16172354E+00       0.21501591E-03      -0.31155439E+00       0.11255144E-02       0.40069198E-01       0.24371974E-03
       0.62000000E+01      -0.59119348E+02       0.47219032E+00       0.34273520E+01       0.15479061E+00       0.93082478E+01       0.69148840E+00       0.38673328E+01       0.32928032E+00      -0.90075151E+00       0.32053911E-02       0.11143489E+01       0.13147158E-02       0.14105173E+01       0.27481218E-02       0.34004181E+00       0.10934096E-02      -0.68325381E+00       0.79417303E-03      -0.13795758E+00       0.15255294E-03       0.13831368E+00       0.85327184E-03       0.13235136E+00       0.34427658E-03
       0.63000000E+01      -0.61944537E+02       0.54539726E+00       0.11765917E+01       0.19080806E+00       0.13225993E+02       0.83861431E+00       0.64266073E+01       0.33586926E+00      -0.90173122E+00       0.28379660E-02       0.10202930E+01       0.99484232E-03      -0.38356812E+00       0.43710884E-02      -0.50390827E+00       0.16420461E-02      -0.57965284E+00       0.58043192E-03      -0.11196718E+00       0.10006619E-03       0.53320102E+00       0.11092098E-02       0.21051088E+00       0.51381131E-03
       0.64000000E+01      -0.64724600E+02       0.64232777E+00      -0.10206507E+01       0.22730960E+00       0.16771579E+02       0.97884901E+00       0.88005182E+01       0.33274228E+00      -0.88113449E+00       0.24484081E-02       0.91979509E+00       0.71719835E-03      -0.19863859E+01       0.65844785E-02      -0.12469354E+01       0.21921211E-02      -0.47256441E+00       0.40618265E-03      -0.85104194E-01       0.61422272E-04       0.86724337E+00       0.16671128E-02       0.27307088E+00       0.69356007E-03
       0.65000000E+01      -0.67465508E+02       0.75155570E+00      -0.30853016E+01       0.26284231E+00       0.19845630E+02       0.10993358E+01       0.10938600E+02       0.32072204E+00      -0.84238809E+00       0.20705802E-02       0.81668347E+00       0.49965797E-03      -0.33828407E+01       0.87820005E-02      -0.18817659E+01       0.26181020E-02      -0.36672934E+00       0.27675823E-03      -0.58597084E-01       0.37165729E-04       0.11376444E+01       0.23367752E-02       0.31934296E+00       0.84060953E-03
       0.66000000E+01      -0.70166938E+02       0.86254545E+00      -0.49454365E+01       0.29701844E+00       0.22372611E+02       0.11924289E+01       0.12796930E+02       0.30223243E+00      -0.78912581E+00       0.17265456E-02       0.71451059E+00       0.34672160E-03      -0.45661391E+01       0.10569372E-01      -0.24055889E+01       0.28579442E-02      -0.26615554E+00       0.18930381E-03      -0.33507465E-01       0.25278313E-04       0.13444479E+01       0.29801321E-02       0.34938323E+00       0.93112450E-03
       0.67000000E+01      -0.72823246E+02       0.96663482E+00      -0.65391991E+01       0.33028511E+00       0.24303355E+02       0.12556391E+01       0.14340190E+02       0.28073649E+00      -0.72501465E+00       0.14272760E-02       0.61639950E+00       0.25233749E-03      -0.55369440E+01       0.11760128E-01      -0.28196060E+01       0.29059205E-02      -0.17401203E+00       0.13573280E-03      -0.10699639E-01       0.22255315E-04       0.14901873E+01       0.35142357E-02       0.36391639E+00       0.95926377E-03
       0.68000000E+01      -0.75424596E+02       0.10574639E+01      -0.78170888E+01       0.36347668E+00       0.25615908E+02       0.12906535E+01       0.15543423E+02       0.25999013E+00      -0.65359675E+00       0.11749585E-02       0.52491406E+00       0.20383384E-03      -0.63022802E+01       0.12335085E-01      -0.31284435E+01       0.27961122E-02      -0.92581587E-01       0.10583058E-03       0.91766599E-02       0.24196631E-04       0.15794438E+01       0.39040708E-02       0.36423457E+00       0.93299781E-03
       0.69000000E+01      -0.77958103E+02       0.11309149E+01      -0.87435139E+01       0.39728646E+00       0.26314738E+02       0.13017862E+01       0.16393363E+02       0.24327821E+00      -0.57815370E+00       0.96597847E-03       0.44196378E+00       0.18594315E-03      -0.68742755E+01       0.12383578E-01      -0.33394727E+01       0.25824430E-02      -0.23268433E-01       0.89834921E-04       0.25690804E-01       0.27680101E-04       0.16183482E+01       0.41494321E-02       0.35207839E+00       0.86840759E-03
       0.70000000E+01      -0.80408879E+02       0.11847257E+01      -0.92975603E+01       0.43180798E+00       0.26428446E+02       0.12942911E+01       0.16889247E+02       0.23279649E+00      -0.50159854E+00       0.79380960E-03       0.36874567E+00       0.18414416E-03      -0.72688241E+01       0.12043761E-01      -0.34620853E+01       0.23205132E-02       0.33345686E-01       0.80110417E-04       0.38624216E-01       0.30289706E-04       0.16140608E+01       0.42701483E-02       0.32950812E+00       0.78399286E-03
       0.71000000E+01      -0.82760903E+02       0.12179781E+01      -0.94729745E+01       0.46626915E+00       0.26006228E+02       0.12729269E+01       0.17043062E+02       0.22930012E+00      -0.42639851E+00       0.65130388E-03       0.30572630E+00       0.18688410E-03      -0.75042579E+01       0.11454743E-01      -0.35069692E+01       0.20547810E-02       0.77406051E-01       0.71834159E-04       0.47953399E-01       0.30779421E-04       0.15742628E+01       0.42930844E-02       0.29877262E+00       0.69614804E-03
       0.72000000E+01      -0.84997656E+02       0.12306362E+01      -0.92774136E+01       0.49902426E+00       0.25113410E+02       0.12410381E+01       0.16879147E+02       0.23207203E+00      -0.35452955E+00       0.53215764E-03       0.25266775E+00       0.18658332E-03      -0.76000982E+01       0.10727095E-01      -0.34854230E+01       0.18124893E-02       0.10966062E+00       0.62850072E-04       0.53825072E-01       0.28939304E-04       0.15066879E+01       0.42429789E-02       0.26218311E+00       0.61642525E-03
       0.73000000E+01      -0.87102519E+02       0.12232481E+01      -0.87310536E+01       0.52779768E+00       0.23826417E+02       0.12002470E+01       0.16433192E+02       0.23918922E+00      -0.28746185E+00       0.43157521E-03       0.20869333E+00       0.17959272E-03      -0.75759497E+01       0.99321099E-02      -0.34087458E+01       0.16037618E-02       0.13131798E+00       0.52989450E-04       0.56525698E-01       0.25279260E-04       0.14187182E+01       0.41377303E-02       0.22199800E+00       0.55065804E-03
       0.74000000E+01      -0.89058982E+02       0.11968355E+01      -0.78646852E+01       0.55010800E+00       0.22227561E+02       0.11506918E+01       0.15750638E+02       0.24800087E+00      -0.22617371E+00       0.34631099E-03       0.17238756E+00       0.16543422E-03      -0.74505850E+01       0.91056428E-02      -0.32877247E+01       0.14259512E-02       0.14389865E+00       0.43187822E-04       0.56447715E-01       0.20655307E-04       0.13170603E+01       0.39875661E-02       0.18032374E+00       0.49959258E-03
       0.75000000E+01      -0.90850697E+02       0.11529255E+01      -0.67174491E+01       0.56375998E+00       0.20400014E+02       0.10916271E+01       0.14884558E+02       0.25569522E+00      -0.17118983E+00       0.27433951E-03       0.14192674E+00       0.14570052E-03      -0.72412448E+01       0.82601150E-02      -0.31322386E+01       0.12697973E-02       0.14908999E+00       0.34673883E-04       0.54054723E-01       0.15940949E-04       0.12075127E+01       0.37968314E-02       0.13903517E+00       0.46043635E-03
       0.76000000E+01      -0.92461487E+02       0.10936342E+01      -0.53343739E+01       0.56728266E+00       0.18423296E+02       0.10221609E+01       0.13893108E+02       0.25982703E+00      -0.12263888E+00       0.21439180E-03       0.11523026E+00       0.12294346E-03      -0.69631693E+01       0.73982641E-02      -0.29509842E+01       0.11251897E-02       0.14861347E+00       0.28401424E-04       0.49847679E-01       0.11805638E-04       0.10948266E+01       0.35669387E-02       0.99717448E-01       0.42869676E-03
       0.77000000E+01      -0.93875398E+02       0.10217095E+01      -0.37638799E+01       0.56021436E+00       0.16369543E+02       0.94191732E+00       0.12836695E+02       0.25870362E+00      -0.80324537E-01       0.16553398E-03       0.90121810E-01       0.99777565E-04      -0.66293525E+01       0.65239240E-02      -0.27513227E+01       0.98508229E-03       0.14411124E+00       0.24779743E-04       0.44333837E-01       0.86182425E-05       0.98265593E+00       0.32992463E-02       0.63630205E-01       0.39980189E-03
       0.78000000E+01      -0.95076879E+02       0.94046858E+00      -0.20553994E+01       0.54318101E+00       0.14300746E+02       0.85149093E+00       0.11774986E+02       0.25157367E+00      -0.43804149E-01       0.12688215E-03       0.64492664E-01       0.78305447E-04      -0.62505028E+01       0.56475651E-02      -0.25392393E+01       0.84704441E-03       0.13705676E+00       0.23663947E-04       0.37999805E-01       0.64575509E-05       0.87358752E+00       0.29970855E-02       0.31693187E-01       0.37020161E-03
       0.79000000E+01      -0.96051180E+02       0.85361282E+00      -0.25724512E+00       0.51776820E+00       0.12267052E+02       0.75263914E+00       0.10763937E+02       0.23861479E+00      -0.12469056E-01       0.97471908E-04       0.36456445E-01       0.59866939E-04      -0.58351773E+01       0.47866632E-02      -0.23193982E+01       0.71275416E-03       0.12869205E+00       0.24511899E-04       0.31289675E-01       0.51910237E-05       0.76923759E+00       0.26666606E-02       0.44914454E-02       0.33786628E-03
       0.80000000E+01      -0.96785011E+02       0.76495277E+00       0.15851745E+01       0.48623462E+00       0.10306133E+02       0.64823926E+00       0.98529919E+01       0.22076100E+00       0.14378569E-01       0.76249606E-04       0.44843841E-02       0.45043142E-04      -0.53900523E+01       0.39625630E-02      -0.20952746E+01       0.58625018E-03       0.11999180E+00       0.26602124E-04       0.24588761E-01       0.45782608E-05       0.67039723E+00       0.23169439E-02      -0.17702681E-01       0.30227241E-03
       0.81000000E+01      -0.97267474E+02       0.67810358E+00       0.34307247E+01       0.45114447E+00       0.84435606E+01       0.54208030E+00       0.90826240E+01       0.19943710E+00       0.37456887E-01       0.62129136E-04      -0.32485179E-01       0.33815802E-04      -0.49202861E+01       0.31960990E-02      -0.18693413E+01       0.47188594E-03       0.11165298E+00       0.29227497E-04       0.18213072E-01       0.43636875E-05       0.57720899E+00       0.19589123E-02      -0.34894253E-01       0.26406022E-03
       0.82000000E+01      -0.97491251E+02       0.59622045E+00       0.52434673E+01       0.41500262E+00       0.66940153E+01       0.43856859E+00       0.84823399E+01       0.17627301E+00       0.57446918E-01       0.54060622E-04      -0.74969285E-01       0.25785380E-04      -0.44299308E+01       0.25039412E-02      -0.16432862E+01       0.37274381E-03       0.10410655E+00       0.31817301E-04       0.12404286E-01       0.43378652E-05       0.48935640E+00       0.16045122E-02      -0.47320890E-01       0.22456475E-03
       0.83000000E+01      -0.97453980E+02       0.52182587E+00       0.69931415E+01       0.37996163E+00       0.50631483E+01       0.34240670E+00       0.80692821E+01       0.15285747E+00       0.74948644E-01       0.51075052E-04      -0.12290069E+00       0.20375829E-04      -0.39223509E+01       0.18967792E-02      -0.14182393E+01       0.28989985E-03       0.97547043E-01       0.33979161E-04       0.73296952E-02       0.43625560E-05       0.40624977E+00       0.12656524E-02      -0.55402269E-01       0.18537964E-03
       0.84000000E+01      -0.97159706E+02       0.45674909E+00       0.86552362E+01       0.34764088E+00       0.35498441E+01       0.25827389E+00       0.78475036E+01       0.13056625E+00       0.90451711E-01       0.52291882E-04      -0.17562661E+00       0.16986616E-04      -0.34006134E+01       0.13794784E-02      -0.11949901E+01       0.22254237E-03       0.91974904E-01       0.35480620E-04       0.30863666E-02       0.43665959E-05       0.32719421E+00       0.95337864E-03      -0.59687660E-01       0.14804249E-03
       0.85000000E+01      -0.96620298E+02       0.40216486E+00       0.10210715E+02       0.31906551E+00       0.21486436E+01       0.19051071E+00       0.78079601E+01       0.11047320E+00       0.10432057E+00       0.56895887E-04      -0.23194474E+00       0.15081874E-04      -0.28678187E+01       0.95258824E-03      -0.97417932E+00       0.16866554E-03       0.87246206E-01       0.36202430E-04      -0.29140955E-03       0.43255339E-05       0.25152916E+00       0.67725730E-03      -0.60804809E-01       0.11386083E-03
       0.86000000E+01      -0.95856654E+02       0.35869412E+00       0.11645472E+02       0.29470524E+00       0.85209038E+00       0.14280150E+00       0.79292323E+01       0.93331378E-01       0.11679290E+00       0.64100344E-04      -0.29017521E+00       0.14226265E-04      -0.23273554E+01       0.61425064E-03      -0.75645380E+00       0.12594397E-03       0.83124642E-01       0.36093057E-04      -0.28223416E-02       0.42380414E-05       0.17873262E+00       0.44491771E-03      -0.59412921E-01       0.83850043E-04
       0.87000000E+01      -0.94899566E+02       0.32652087E+00       0.12949605E+02       0.27457734E+00      -0.34720741E+00       0.11785864E+00       0.81789364E+01       0.79599981E-01       0.12798930E+00       0.73115325E-04      -0.34826263E+00       0.14085740E-04      -0.17830637E+01       0.36165809E-03      -0.54257808E+00       0.92441055E-04       0.79331152E-01       0.35141920E-04      -0.45670148E-02       0.41081145E-05       0.10848700E+00       0.26169599E-03      -0.56161847E-01       0.58734776E-04
       0.88000000E+01      -0.93790093E+02       0.30548792E+00       0.14116604E+02       0.25837520E+00      -0.14549561E+01       0.11713393E+00       0.85157457E+01       0.69491925E-01       0.13793179E+00       0.83134532E-04      -0.40390066E+00       0.14411090E-04      -0.12393092E+01       0.19160040E-03      -0.33350067E+00       0.66955406E-04       0.75587450E-01       0.33374383E-04      -0.56163295E-02       0.39366128E-05       0.40707339E-01       0.13035752E-03      -0.51658885E-01       0.38970619E-04
       0.89000000E+01      -0.92579319E+02       0.29515246E+00       0.15142533E+02       0.24559122E+00      -0.24741009E+01       0.14060254E+00       0.88919121E+01       0.63022897E-01       0.14656798E+00       0.93345667E-04      -0.45467241E+00       0.15016949E-04      -0.70096960E+00       0.10011586E-03      -0.13037710E+00       0.48988102E-04       0.71650735E-01       0.30860392E-04      -0.60802854E-02       0.37209479E-05      -0.24464192E-01       0.50924896E-04      -0.46443905E-01       0.24761324E-04
       0.90000000E+01      -0.91327433E+02       0.29480403E+00       0.16025272E+02       0.23561632E+00      -0.34043349E+01       0.18667192E+00       0.92561476E+01       0.60052052E-01       0.15379825E+00       0.10296121E-03      -0.49819742E+00       0.15762739E-04      -0.17334900E+00       0.81632503E-04       0.65444932E-01       0.38451617E-04       0.67338009E-01       0.27724036E-04      -0.60777490E-02       0.34590895E-05      -0.86691251E-01       0.20670205E-04      -0.40972884E-01       0.16067097E-04
       0.91000000E+01      -0.90102102E+02       0.30346254E+00       0.16763899E+02       0.22781100E+00      -0.42421750E+01       0.25225514E+00       0.95566937E+01       0.60312366E-01       0.15950287E+00       0.11126118E-03      -0.53227539E+00       0.16537424E-04       0.33796545E+00       0.12813606E-03       0.25247016E+00       0.35299699E-04       0.62539523E-01       0.24143203E-04      -0.57276632E-02       0.31537613E-05      -0.14549577E+00       0.34328004E-04      -0.35609377E-01       0.12612557E-04
       0.92000000E+01      -0.88976153E+02       0.31987953E+00       0.17358214E+02       0.22155221E+00      -0.49815300E+01       0.33301758E+00       0.97444093E+01       0.63433050E-01       0.16356685E+00       0.11763780E-03      -0.55501895E+00       0.17247928E-04       0.82728388E+00       0.22882123E-03       0.42912099E+00       0.39235895E-04       0.57221920E-01       0.20334728E-04      -0.51419848E-02       0.28141216E-05      -0.20032127E+00       0.84549130E-04      -0.30623041E-01       0.13905635E-04
       0.93000000E+01      -0.88024680E+02       0.34256071E+00       0.17808450E+02       0.21626340E+00      -0.56146471E+01       0.42376690E+00       0.97757006E+01       0.68957155E-01       0.16590043E+00       0.12163319E-03      -0.56496787E+00       0.17810979E-04       0.12890117E+01       0.37044388E-03       0.59381352E+00       0.49583866E-04       0.51422462E-01       0.16527476E-04      -0.44204677E-02       0.24543132E-05      -0.25059865E+00       0.16256078E-03      -0.26194019E-01       0.19273279E-04
       0.94000000E+01      -0.87321688E+02       0.36981600E+00       0.18115143E+02       0.21143403E+00      -0.61332925E+01       0.51892236E+00       0.96151193E+01       0.76356049E-01       0.16645412E+00       0.12296460E-03      -0.56117722E+00       0.18148899E-04       0.17178464E+01       0.53830878E-03       0.74503525E+00       0.65316141E-04       0.45236344E-01       0.12930966E-04      -0.36472614E-02       0.20900104E-05      -0.29580676E+00       0.25894647E-03      -0.22421830E-01       0.27911147E-04
       0.95000000E+01      -0.86936492E+02       0.39983166E+00       0.18279152E+02       0.20663136E+00      -0.65300115E+01       0.61298298E+00       0.92374852E+01       0.85041068E-01       0.16522755E+00       0.12153458E-03      -0.54327562E+00       0.18190215E-04       0.21089571E+01       0.71761089E-03       0.88141644E+00       0.85175694E-04       0.38799485E-01       0.97085965E-05      -0.28891772E-02       0.17348702E-05      -0.33552204E+00       0.36443000E-03      -0.19337374E-01       0.38937992E-04
       0.96000000E+01      -0.86930081E+02       0.43075113E+00       0.18301792E+02       0.20150431E+00      -0.67993173E+01       0.70091940E+00       0.86294153E+01       0.94372874E-01       0.16227226E+00       0.11742667E-03      -0.51149116E+00       0.17875320E-04       0.24581343E+01       0.89476286E-03       0.10017893E+01       0.10780610E-03       0.32269250E-01       0.69624349E-05      -0.21953879E-02       0.13985226E-05      -0.36945289E+00       0.47054955E-03      -0.16916712E-01       0.51444171E-04
       0.97000000E+01      -0.87351700E+02       0.46075103E+00       0.18185027E+02       0.19577901E+00      -0.69386778E+01       0.77844147E+00       0.77901691E+01       0.10367101E+00       0.15768885E+00       0.11088813E-03      -0.46664321E+00       0.17166032E-04       0.27619028E+01       0.10583951E-02       0.11052309E+01       0.13182916E-03       0.25805464E-01       0.47322151E-05      -0.15982756E-02       0.10867557E-05      -0.39745704E+00       0.57013987E-03      -0.15095444E-01       0.64527849E-04
       0.98000000E+01      -0.88235885E+02       0.48810442E+00       0.17931688E+02       0.18924687E+00      -0.69491992E+01       0.84213036E+00       0.67317707E+01       0.11222875E+00       0.15161971E+00       0.10230236E-03      -0.41010203E+00       0.16056235E-04       0.30175929E+01       0.11998631E-02       0.11910884E+01       0.15585549E-03       0.19553711E-01       0.30064929E-05      -0.11151224E-02       0.80342604E-06      -0.41954191E+00       0.65758892E-03      -0.13782677E-01       0.77319358E-04
       0.99000000E+01      -0.89600183E+02       0.51123178E+00       0.17545666E+02       0.18174976E+00      -0.68359461E+01       0.88945985E+00       0.54784082E+01       0.11933953E+00       0.14423855E+00       0.92153301E-04      -0.34371979E+00       0.14579912E-04       0.32233727E+01       0.13132712E-02       0.12589867E+01       0.17845877E-03       0.13632445E-01       0.17406411E-05      -0.75034667E-03       0.55286665E-06      -0.43585004E+00       0.72888553E-03      -0.12873848E-01       0.89000318E-04
       0.10000000E+02      -0.91443745E+02       0.52874638E+00       0.17032045E+02       0.17316826E+00      -0.66078801E+01       0.91875305E+00       0.40651491E+01       0.12433981E+00       0.13573819E+00       0.80984709E-04      -0.26973697E+00       0.12813082E-04       0.33782432E+01       0.13951537E-02       0.13088211E+01       0.19816769E-03       0.81248392E-02       0.87538598E-06      -0.49802041E-03       0.34144503E-06      -0.44663296E+00       0.78151056E-03      -0.12261850E-01       0.98826414E-04
       0.10100000E+02      -0.93746910E+02       0.53950187E+00       0.16397153E+02       0.16341941E+00      -0.62774407E+01       0.92912266E+00       0.25360544E+01       0.12666811E+00       0.12631818E+00       0.69357098E-04      -0.19067044E+00       0.10867681E-04       0.34820054E+01       0.14440113E-02       0.13407382E+01       0.21352283E-03       0.30757130E-02       0.35086534E-06      -0.34444707E-03       0.17741661E-06      -0.45221776E+00       0.81423928E-03      -0.11846176E-01       0.10616017E-03
       0.10200000E+02      -0.96471873E+02       0.54264540E+00       0.15648506E+02       0.15246667E+00      -0.58598299E+01       0.92042727E+00       0.94181241E+00       0.12593338E+00       0.11617338E+00       0.57806095E-04      -0.10919061E+00       0.88777293E-05       0.35352062E+01       0.14598716E-02       0.13551089E+01       0.22321366E-03      -0.15067103E-02       0.11385964E-06      -0.27063379E-03       0.69042737E-07      -0.45297127E+00       0.82691652E-03      -0.11539929E-01       0.11051381E-03
       0.10300000E+02      -0.99564401E+02       0.53767145E+00       0.14794660E+02       0.14034015E+00      -0.53720886E+01       0.89325077E+00      -0.66296785E+00       0.12197956E+00       0.10548478E+00       0.46806037E-04      -0.27994387E-01       0.69804186E-05       0.35390719E+01       0.14439687E-02       0.13524981E+01       0.22627073E-03      -0.56449585E-02       0.11871570E-06      -0.25454701E-03       0.21725211E-07      -0.44926629E+00       0.82024648E-03      -0.11274734E-01       0.11159501E-03
       0.10400000E+02      -0.10295653E+03       0.52446418E+00       0.13844972E+02       0.12716004E+00      -0.48320706E+01       0.84888853E+00      -0.22226425E+01       0.11492960E+00       0.94413064E-01       0.36742548E-04       0.50319025E-01       0.52963064E-05       0.34954373E+01       0.13985430E-02       0.13336352E+01       0.22225598E-03      -0.93834879E-02       0.32448531E-06      -0.27309011E-03       0.35332323E-07      -0.44145379E+00       0.79561535E-03      -0.11003662E-01       0.10934356E-03
       0.10500000E+02      -0.10657009E+03       0.50331368E+00       0.12809302E+02       0.11315334E+00      -0.42574243E+01       0.78931241E+00      -0.36834227E+01       0.10519474E+00       0.83095330E-01       0.27896861E-04       0.12336197E+00       0.39131059E-05       0.34066776E+01       0.13267105E-02       0.12993874E+01       0.21138580E-03      -0.12778217E-01       0.69138648E-06      -0.30378256E-03       0.10281477E-06      -0.42984407E+00       0.75494626E-03      -0.10702345E-01       0.10394636E-03
       0.10600000E+02      -0.11032083E+03       0.47489576E+00       0.11697673E+02       0.98655100E-01      -0.36646834E+01       0.71709148E+00      -0.49961053E+01       0.93441229E-01       0.71644903E-01       0.20442955E-04       0.18905663E+00       0.28765141E-05       0.32756452E+01       0.12323294E-02       0.12507393E+01       0.19453862E-03      -0.15885814E-01       0.11789373E-05      -0.32614956E-03       0.21070411E-06      -0.41469828E+00       0.70057734E-03      -0.10368484E-01       0.95822295E-04
       0.10700000E+02      -0.11412287E+03       0.44021537E+00       0.10519945E+02       0.84089357E-01      -0.30685487E+01       0.63526346E+00      -0.61184910E+01       0.80517371E-01       0.60153826E-01       0.14456488E-04       0.24571330E+00       0.21895567E-05       0.31056157E+01       0.11198256E-02       0.11887779E+01       0.17313475E-03      -0.18754065E-01       0.17465820E-05      -0.32284684E-03       0.34138064E-06      -0.39623062E+00       0.63515415E-03      -0.10019955E-01       0.85576495E-04
       0.10800000E+02      -0.11789324E+03       0.40052574E+00       0.92855104E+01       0.69932138E-01      -0.24814160E+01       0.54717446E+00      -0.70173533E+01       0.67353708E-01       0.48697362E-01       0.99325264E-05       0.29208477E+00       0.18196809E-05       0.29002416E+01       0.99397953E-03       0.11146834E+01       0.14891696E-03      -0.21414393E-01       0.23560996E-05      -0.28055033E-03       0.47637656E-06      -0.37462006E+00       0.56153314E-03      -0.96917025E-02       0.73931278E-04
       0.10900000E+02      -0.12155613E+03       0.35724497E+00       0.80030709E+01       0.56664703E-01      -0.19131727E+01       0.45632154E+00      -0.76698582E+01       0.54856298E-01       0.37339651E-01       0.68076966E-05       0.32739548E+00       0.17109899E-05       0.26635106E+01       0.85971680E-03       0.10297245E+01       0.12368968E-03      -0.23877334E-01       0.29741953E-05      -0.19063476E-03       0.59966998E-06      -0.35002924E+00       0.48269778E-03      -0.94316093E-02       0.61647167E-04
       0.11000000E+02      -0.12504662E+03       0.31189317E+00       0.66804903E+01       0.44729140E-01      -0.13712507E+01       0.36623415E+00      -0.80643719E+01       0.43813914E-01       0.26139612E-01       0.49820581E-05       0.35134560E+00       0.17981009E-05       0.23997063E+01       0.72194936E-03       0.93525482E+00       0.99083178E-04      -0.26131342E-01       0.35737197E-05      -0.49653054E-04       0.70001266E-06      -0.32262741E+00       0.40168941E-03      -0.92955085E-02       0.49448935E-04
       0.11100000E+02      -0.12831362E+03       0.26606576E+00       0.53247576E+01       0.34497805E-01      -0.86089346E+00       0.28041530E+00      -0.82006218E+01       0.34835079E-01       0.15156206E-01       0.43367062E-05       0.36409095E+00       0.20182700E-05       0.21133651E+01       0.58549217E-03       0.83270887E+00       0.76394528E-04      -0.28144917E-01       0.41327826E-05       0.14038634E-03       0.77175100E-06      -0.29261402E+00       0.32155009E-03      -0.93415336E-02       0.37968817E-04
       0.11200000E+02      -0.13132188E+03       0.22144366E+00       0.39420529E+01       0.26263469E-01      -0.38557104E+00       0.20233597E+00      -0.80892285E+01       0.28321483E-01       0.44523110E-02       0.47447288E-05       0.36620134E+00       0.23194775E-05       0.18092261E+01       0.45503603E-03       0.72359423E+00       0.56527008E-04      -0.29871676E-01       0.46321829E-05       0.37196140E-03       0.81415952E-06      -0.26023923E+00       0.24526718E-03      -0.96240104E-02       0.27713027E-04
       0.11300000E+02      -0.13405287E+03       0.17982412E+00       0.25379112E+01       0.20249936E-01       0.52541645E-01       0.13544760E+00      -0.77506597E+01       0.24474123E-01      -0.59033166E-02       0.60751482E-05       0.35860166E+00       0.26636725E-05       0.14921695E+01       0.33512019E-03       0.60947810E+00       0.40015846E-04      -0.31257642E-01       0.50524979E-05       0.63222526E-03       0.82979057E-06      -0.22581830E+00       0.17570413E-03      -0.10187145E-01       0.19050821E-04
       0.11400000E+02      -0.13650451E+03       0.14314331E+00       0.11174651E+01       0.16635845E-01       0.45210870E+00       0.83160196E-01      -0.72136878E+01       0.23320884E-01      -0.15836256E-01       0.81913596E-05       0.34249958E+00       0.30258023E-05       0.11671415E+01       0.23003570E-03       0.49196659E+00       0.27104236E-04      -0.32249808E-01       0.53724568E-05       0.90347225E-03       0.82258396E-06      -0.18973746E+00       0.11550260E-03      -0.11058809E-01       0.12220078E-04
       0.11500000E+02      -0.13868988E+03       0.11345884E+00      -0.31426056E+00       0.15579911E-01       0.81228072E+00       0.48736097E-01      -0.65134648E+01       0.24751759E-01      -0.25268781E-01       0.10946836E-04       0.31930493E+00       0.33902085E-05       0.83906593E+00       0.14361444E-03       0.37267651E+00       0.17826702E-04      -0.32804908E-01       0.55697492E-05       0.11639070E-02       0.79641668E-06      -0.15244988E+00       0.66949464E-04      -0.12244774E-01       0.73411023E-05
       0.11600000E+02      -0.14063494E+03       0.92869570E-01      -0.17520312E+01       0.17235550E-01       0.11325085E+01       0.35073871E-01      -0.56893499E+01       0.28550711E-01      -0.34124036E-01       0.14181234E-04       0.29054615E+00       0.37462500E-05       0.51274430E+00       0.78910727E-04       0.25320020E+00       0.12067970E-04      -0.32897314E-01       0.56243981E-05       0.13887286E-02       0.75446811E-06      -0.11446168E+00       0.31816794E-04      -0.13723793E-01       0.44315515E-05
       0.11700000E+02      -0.14237546E+03       0.83368180E-01      -0.31900975E+01       0.21746701E-01       0.14125599E+01       0.44395969E-01      -0.47826287E+01       0.34419615E-01      -0.42331486E-01       0.17719490E-04       0.25778844E+00       0.40846825E-05       0.19274797E+00       0.37842156E-04       0.13506550E+00       0.95876448E-05      -0.32525086E-01       0.55237050E-05       0.15515209E-02       0.69937642E-06      -0.76309064E-01       0.11198259E-04      -0.15443944E-01       0.34187295E-05
       0.11800000E+02      -0.14395345E+03       0.86644016E-01      -0.46219323E+01       0.29223167E-01       0.16527436E+01       0.77894316E-01      -0.38342703E+01       0.41996445E-01      -0.49832871E-01       0.21375313E-04       0.22255775E+00       0.43956247E-05      -0.11669049E+00       0.20897621E-04       0.19693575E-01       0.10023483E-04      -0.31713420E-01       0.52670071E-05       0.16259112E-02       0.63383649E-06      -0.38528690E-01       0.53759166E-05      -0.17320653E-01       0.41494115E-05
       0.11900000E+02      -0.14541342E+03       0.10387147E+00      -0.60400363E+01       0.39700581E-01       0.18543117E+01       0.13541516E+00      -0.28828601E+01       0.50873804E-01      -0.56587858E-01       0.24958997E-04       0.18627484E+00       0.46681951E-05      -0.41178035E+00       0.27022270E-04      -0.91641807E-01       0.12898805E-04      -0.30515008E-01       0.48684074E-05       0.15874318E-02       0.56116025E-06      -0.16245701E-02       0.13752293E-04      -0.19236778E-01       0.63999262E-05
       0.12000000E+02      -0.14679858E+03       0.13552667E+00      -0.74358316E+01       0.53094928E-01       0.20199775E+01       0.21526718E+00      -0.19628264E+01       0.60623215E-01      -0.62578517E-01       0.28288216E-04       0.15020191E+00       0.48913716E-05      -0.68926148E+00       0.53746734E-04      -0.19784958E+00       0.17657236E-04      -0.29007176E-01       0.43562710E-05       0.14154866E-02       0.48541878E-06       0.33964981E-01       0.34872414E-04      -0.21045028E-01       0.98895742E-05
       0.12100000E+02      -0.14814756E+03       0.18126955E+00      -0.87996521E+01       0.69162925E-01       0.21544619E+01       0.31421269E+00      -0.11030554E+01       0.70825793E-01      -0.67811906E-01       0.31199679E-04       0.11540335E+00       0.50554293E-05      -0.94647150E+00       0.97553664E-04      -0.29804746E+00       0.23732108E-04      -0.27285987E-01       0.37693927E-05       0.10953008E-02       0.41104761E-06       0.67896360E-01       0.66541748E-04      -0.22572912E-01       0.14298697E-04
       0.12200000E+02      -0.14949161E+03       0.23991222E+00      -0.10120830E+02       0.87477781E-01       0.22649627E+01       0.42765754E+00      -0.32596404E+00       0.81103641E-01      -0.72320179E-01       0.33559407E-04       0.82721885E-01       0.51534170E-05      -0.11813841E+01       0.15439553E-03      -0.39157537E+00       0.30636204E-04      -0.25457854E-01       0.31508945E-05       0.61971294E-03       0.34209480E-06       0.99942051E-01       0.10602453E-03      -0.23630203E-01       0.19289989E-04
       0.12300000E+02      -0.15085273E+03       0.30947293E+00      -0.11387871E+02       0.10742611E+00       0.23614375E+01       0.55000659E+00       0.35293805E+00       0.91142170E-01      -0.76157911E-01       0.35269901E-04       0.52769770E-01       0.51823885E-05      -0.13926141E+01       0.22022436E-03      -0.47799394E+00       0.38040457E-04      -0.23629449E-01       0.25416722E-05      -0.93391206E-05       0.28148892E-06       0.13000132E+00       0.15028959E-03      -0.24018779E-01       0.24529506E-04
       0.12400000E+02      -0.15224266E+03       0.38729734E+00      -0.12588690E+02       0.12822796E+00       0.24565982E+01       0.67511374E+00       0.92499949E+00       0.10069444E+00      -0.79396624E-01       0.36273309E-04       0.25933594E-01       0.51443208E-05      -0.15793860E+01       0.29138928E-03      -0.55706669E+00       0.45806616E-04      -0.21896915E-01       0.19752891E-05      -0.77978204E-03       0.23071430E-06       0.15809818E+00       0.19626323E-03      -0.23544440E-01       0.29703507E-04
       0.12500000E+02      -0.15366301E+03       0.47021971E+00      -0.13710898E+02       0.14897979E+00       0.25655374E+01       0.79674286E+00       0.13879223E+01       0.10956544E+00      -0.82116798E-01       0.36550712E-04       0.23913128E-02       0.50467196E-05      -0.17414679E+01       0.36480577E-03      -0.62872639E+00       0.53951880E-04      -0.20335465E-01       0.14756002E-05      -0.16689474E-02       0.19009841E-06       0.18436579E+00       0.24105255E-03      -0.22030159E-01       0.34529084E-04
       0.12600000E+02      -0.15510627E+03       0.55473976E+00      -0.14742101E+02       0.16871936E+00       0.27049418E+01       0.90897009E+00       0.17448641E+01       0.11758454E+00      -0.84397972E-01       0.36118341E-04      -0.17860978E-01       0.49028015E-05      -0.18790728E+01       0.43788596E-03      -0.69302733E+00       0.62549224E-04      -0.18990460E-01       0.10573164E-05      -0.26437840E-02       0.15962010E-06       0.20901784E+00       0.28211633E-03      -0.19330013E-01       0.38759753E-04
       0.12700000E+02      -0.15655773E+03       0.63720313E+00      -0.15670180E+02       0.18651213E+00       0.28918872E+01       0.10064932E+01       0.20032383E+01       0.12458393E+00      -0.86307762E-01       0.35021964E-04      -0.34975519E-01       0.47309653E-05      -0.19927347E+01       0.50831046E-03      -0.75008685E+00       0.71595592E-04      -0.17870937E-01       0.72862386E-06      -0.36617966E-02       0.13986907E-06       0.23230880E+00       0.31737798E-03      -0.15342916E-01       0.42190141E-04
       0.12800000E+02      -0.15799817E+03       0.71398679E+00      -0.16483543E+02       0.20155699E+00       0.31422626E+01       0.10848537E+01       0.21733131E+01       0.13040397E+00      -0.87890844E-01       0.33330652E-04      -0.49215294E-01       0.45531641E-05      -0.20831698E+01       0.57378350E-03      -0.80002090E+00       0.80899256E-04      -0.16946362E-01       0.49426346E-06      -0.46727149E-02       0.13265254E-06       0.25448632E+00       0.34528970E-03      -0.10025188E-01       0.44664971E-04
       0.12900000E+02      -0.15940688E+03       0.78169889E+00      -0.17171316E+02       0.21330542E+00       0.34689153E+01       0.11406061E+01       0.22667252E+01       0.13493958E+00      -0.89159002E-01       0.31130802E-04      -0.60915123E-01       0.43919216E-05      -0.21511315E+01       0.63191885E-03      -0.84287906E+00       0.90037954E-04      -0.16147074E-01       0.35743969E-06      -0.56208426E-02       0.14082981E-06       0.27573974E+00       0.36486357E-03      -0.34009644E-02       0.46095675E-04
       0.13000000E+02      -0.16076504E+03       0.83739856E+00      -0.17723473E+02       0.22158013E+00       0.38796562E+01       0.11714694E+01       0.22950258E+01       0.13822511E+00      -0.90083359E-01       0.28520880E-04      -0.70444326E-01       0.42661181E-05      -0.21972737E+01       0.68034820E-03      -0.87858527E+00       0.98418205E-04      -0.15368591E-01       0.31957497E-06      -0.64479820E-02       0.16724320E-06       0.29614990E+00       0.37568187E-03       0.44304926E-02       0.46483328E-04
       0.13100000E+02      -0.16205886E+03       0.87882483E+00      -0.18130895E+02       0.22666984E+00       0.43752987E+01       0.11764776E+01       0.22683674E+01       0.14053331E+00      -0.90589787E-01       0.25606989E-04      -0.78173056E-01       0.41862447E-05      -0.22220341E+01       0.71704453E-03      -0.90689022E+00       0.10542926E-03      -0.14479563E-01       0.37800221E-06      -0.70967767E-02       0.21300724E-06       0.31564491E+00       0.37788815E-03       0.13291387E-01       0.45940832E-04
       0.13200000E+02      -0.16328237E+03       0.90460170E+00      -0.18385387E+02       0.22936961E+00       0.49479266E+01       0.11561007E+01       0.21944258E+01       0.14244465E+00      -0.90558255E-01       0.22499221E-04      -0.84443880E-01       0.41503613E-05      -0.22255479E+01       0.74074748E-03      -0.92734093E+00       0.11064507E-03      -0.13332842E-01       0.52277245E-06      -0.75142761E-02       0.27576426E-06       0.33396715E+00       0.37214885E-03       0.22926509E-01       0.44702816E-04
       0.13300000E+02      -0.16443965E+03       0.91436873E+00      -0.18479651E+02       0.23093540E+00       0.55795900E+01       0.11122795E+01       0.20776353E+01       0.14483670E+00      -0.89826608E-01       0.19308760E-04      -0.89550071E-01       0.41422656E-05      -0.22076023E+01       0.75130784E-03      -0.93927197E+00       0.11400020E-03      -0.11778819E-01       0.73440038E-06      -0.76554933E-02       0.34866839E-06       0.35065529E+00       0.35956858E-03       0.33009226E-01       0.43110989E-04
       0.13400000E+02      -0.16554611E+03       0.90878425E+00      -0.18407253E+02       0.23293172E+00       0.62416181E+01       0.10483000E+01       0.19187880E+01       0.14875540E+00      -0.88198881E-01       0.16145893E-04      -0.93721158E-01       0.41331806E-05      -0.21676379E+01       0.74976732E-03      -0.94182101E+00       0.11586252E-03      -0.96799658E-02       0.98428710E-06      -0.74867163E-02       0.42073462E-06       0.36504475E+00       0.34154713E-03       0.43152401E-01       0.41567149E-04
       0.13500000E+02      -0.16662889E+03       0.88936925E+00      -0.18162621E+02       0.23697274E+00       0.68947000E+01       0.96846524E+00       0.17150160E+01       0.15516209E+00      -0.85457884E-01       0.13119146E-04      -0.97115598E-01       0.40875400E-05      -0.21047986E+01       0.73806621E-03      -0.93396989E+00       0.11695248E-03      -0.69253708E-02       0.12387182E-05      -0.69883334E-02       0.47879756E-06       0.37628796E+00       0.31958211E-03       0.52923940E-01       0.40455262E-04
       0.13600000E+02      -0.16772620E+03       0.85820271E+00      -0.17741090E+02       0.24438722E+00       0.74898404E+01       0.87758123E+00       0.14601568E+01       0.16459566E+00      -0.81381395E-01       0.10335686E-04      -0.99820374E-01       0.39723237E-05      -0.20180300E+01       0.71840613E-03      -0.91460984E+00       0.11810836E-03      -0.34440253E-02       0.14659960E-05      -0.61569571E-02       0.51077636E-06       0.38339468E+00       0.29504475E-03       0.61866355E-01       0.40045693E-04
       0.13700000E+02      -0.16888562E+03       0.81753216E+00      -0.17139029E+02       0.25586844E+00       0.79702284E+01       0.78035691E+00       0.11454641E+01       0.17683448E+00      -0.75760948E-01       0.79027347E-05      -0.10185665E+00       0.37681577E-05      -0.19062209E+01       0.69244361E-03      -0.88262781E+00       0.11995525E-03       0.78432526E-03       0.16448941E-05      -0.50066684E-02       0.50941848E-06       0.38529048E+00       0.26897802E-03       0.69519404E-01       0.40405028E-04
       0.13800000E+02      -0.17016164E+03       0.76941007E+00      -0.16354079E+02       0.27119215E+00       0.82739888E+01       0.68088407E+00       0.76060826E+00       0.19067141E+00      -0.68421930E-01       0.59292055E-05      -0.10319014E+00       0.34794371E-05      -0.17683765E+01       0.66059798E-03      -0.83700858E+00       0.12258171E-03       0.57217709E-02       0.17717286E-05      -0.35692547E-02       0.47538187E-06       0.38089028E+00       0.24197740E-03       0.75444604E-01       0.41339889E-04
       0.13900000E+02      -0.17161234E+03       0.71548526E+00      -0.15385497E+02       0.28908887E+00       0.83377050E+01       0.58238785E+00       0.29488685E+00       0.20391299E+00      -0.59243490E-01       0.45261702E-05      -0.10374496E+00       0.31404115E-05      -0.16038141E+01       0.62177708E-03      -0.77694594E+00       0.12534452E-03       0.11269023E-01       0.18633123E-05      -0.18933798E-02       0.41854579E-06       0.36918195E+00       0.21420621E-03       0.79250221E-01       0.42399926E-04
       0.14000000E+02      -0.17329572E+03       0.65705630E+00      -0.14234607E+02       0.30733587E+00       0.81005307E+01       0.48739272E+00      -0.26144495E+00       0.21367319E+00      -0.48176711E-01       0.38044318E-05      -0.10341969E+00       0.28146986E-05      -0.14123632E+01       0.57373551E-03      -0.70195482E+00       0.12689886E-03       0.17266831E-01       0.19539922E-05      -0.42694492E-04       0.35684080E-06       0.34931423E+00       0.18556905E-03       0.80615229E-01       0.42953077E-04
       0.14100000E+02      -0.17526577E+03       0.59542647E+00      -0.12905351E+02       0.32308976E+00       0.75086435E+01       0.39833622E+00      -0.91582725E+00       0.21695915E+00      -0.35259515E-01       0.38676199E-05      -0.10210384E+00       0.25870409E-05      -0.11945561E+01       0.51409754E-03      -0.61197590E+00       0.12549122E-03       0.23502104E-01       0.20866549E-05       0.19070328E-02       0.31256465E-06       0.32068244E+00       0.15602258E-03       0.79310710E-01       0.42327542E-04
       0.14200000E+02      -0.17756872E+03       0.53250157E+00      -0.11404891E+02       0.33342102E+00       0.65197425E+01       0.31850431E+00      -0.16721314E+01       0.21145545E+00      -0.20626946E-01       0.47999885E-05      -0.99693789E-01       0.25480121E-05      -0.95179115E+00       0.44184865E-03      -0.50746395E+00       0.11947123E-03       0.29718431E-01       0.22995231E-05       0.38716160E-02       0.30691296E-06       0.28300512E+00       0.12595486E-03       0.75217263E-01       0.39994430E-04
       0.14300000E+02      -0.18023961E+03       0.47146796E+00      -0.97442312E+01       0.33595185E+00       0.51072658E+01       0.25300650E+00      -0.25295730E+01       0.19633268E+00      -0.45157683E-02       0.66494250E-05      -0.96106985E-01       0.27743449E-05      -0.68645491E+00       0.35889700E-03      -0.38945236E+00       0.10790001E-03       0.35630362E-01       0.26121500E-05       0.57627752E-02       0.35406838E-06       0.23638543E+00       0.96527867E-04       0.68337192E-01       0.35748720E-04
       0.14400000E+02      -0.18329959E+03       0.41731328E+00      -0.79387890E+01       0.32945559E+00       0.32639977E+01       0.20940924E+00      -0.34818878E+01       0.17285950E+00       0.12737348E-01       0.94078294E-05      -0.91293535E-01       0.33090536E-05      -0.40198914E+00       0.27119843E-03      -0.25958692E+00       0.91082603E-04       0.40940484E-01       0.30147028E-05       0.74928299E-02       0.45646038E-06       0.18135171E+00       0.69865772E-04       0.58800496E-01       0.29839519E-04
       0.14500000E+02      -0.18675404E+03       0.37693702E+00      -0.60088732E+01       0.31426468E+00       0.10047572E+01       0.19765079E+00      -0.45168336E+01       0.14460834E+00       0.30704295E-01       0.12992577E-04      -0.85244569E-01       0.41460923E-05      -0.10289464E+00       0.18897475E-03      -0.12012464E+00       0.70848880E-04       0.45358119E-01       0.34641244E-05       0.89794775E-02       0.60262290E-06       0.11887309E+00       0.48992929E-04       0.46864080E-01       0.23006868E-04
       0.14600000E+02      -0.19059178E+03       0.35865932E+00      -0.39799865E+01       0.29236278E+00      -0.16320939E+01       0.22898998E+00      -0.56160626E+01       0.11711723E+00       0.48880461E-01       0.17233752E-04      -0.77997279E-01       0.52237078E-05       0.20533374E+00       0.12574109E-03       0.26105092E-01       0.50457624E-04       0.48618311E-01       0.38891381E-05       0.10150364E-01       0.76846707E-06       0.50347604E-01       0.37478267E-04       0.32903969E-01       0.16401324E-04
       0.14700000E+02      -0.19478529E+03       0.37107024E+00      -0.18829052E+01       0.26710215E+00      -0.45845168E+01       0.31398036E+00      -0.67553839E+01       0.96994737E-01       0.66705456E-01       0.21871833E-04      -0.69636429E-01       0.64289438E-05       0.51634100E+00       0.96156949E-04       0.17577661E+00       0.34090957E-04       0.50499756E-01       0.42037201E-05       0.10947162E-01       0.92190425E-06      -0.22437645E-01       0.38816661E-04       0.17400776E-01       0.11390236E-04
       0.14800000E+02      -0.19929207E+03       0.42134181E+00       0.24651736E+00       0.24257639E+00      -0.77681394E+01       0.45975478E+00      -0.79054120E+01       0.90601765E-01       0.83588508E-01       0.26569322E-04      -0.60292549E-01       0.76133280E-05       0.82310999E+00       0.11304991E-03       0.32517871E+00       0.26018431E-04       0.50840366E-01       0.43262668E-05       0.11328898E-01       0.10298441E-05      -0.97372961E-01       0.55654083E-04       0.91907527E-03       0.92843232E-05
       0.14900000E+02      -0.20405697E+03       0.51330414E+00       0.23678576E+01       0.22276899E+00      -0.11079084E+02       0.66717618E+00      -0.90325699E+01       0.10257522E+00       0.98937082E-01       0.30937505E-04      -0.50137354E-01       0.86171659E-05       0.11182143E+01       0.18423878E-03       0.47035474E+00       0.29609722E-04       0.49549346E-01       0.41999063E-05       0.11274326E-01       0.10659077E-05      -0.17211574E+00       0.89021014E-04      -0.15918265E-01       0.11041777E-04
       0.15000000E+02      -0.20901539E+03       0.64571529E+00       0.44369538E+01       0.21066546E+00      -0.14398179E+02       0.92857185E+00      -0.10100396E+02       0.13453573E+00       0.11218697E+00       0.34576525E-04      -0.39376802E-01       0.92977497E-05       0.13941129E+01       0.30991844E-03       0.60726461E+00       0.46433206E-04       0.46614905E-01       0.38087951E-05       0.10783188E-01       0.10169386E-05      -0.24419832E+00       0.13776001E-03      -0.32459414E-01       0.17018001E-04
